    1    5   15   22   29   34   39   48   54   57   62   68   71   78   83   92
   98  111  121  128  132  137  141  146  151  156  160  169  172  182  192  195
  203  213  220  233  243  245  246  248  249  254  259  268  270  271  273    0
    0    0    0    0    0    0    0    0    0    0    0    0    0    0    0    0
  275  283  290  296  304  311  316  329  335  339  345  351  354  363  369  377
  385  392  397  404  408  414  418  423  428  433  437  440  443  447  454  456
  458  462  464  465  466  469  472  481  485  488  491  494  270  501  507    0
    0    0    0    0    0    0    0    0    0    0    0    0    0    0    0    0
  514  518  526  531  537  542  547  555  561  564  568  574  577  584  589  596
  602  612  620  627  631  636  640  645  650  655  659  665  668  676  684  687
  694  702  707  718  726  728  729  731  732  736  740  747  749  750  752    0
    0    0    0    0    0    0    0    0    0    0    0    0    0    0    0    0
  754  761  767  772  779  785  790  799  805  809  814  820  823  832  838  844
  851  857  862  868  871  877  881  886  891  896  900  903  906  910  916  918
  920  924  926  927  928  931  934  942  946  949  952  955  749  961  967    0
    0    0    0    0    0    0    0    0    0    0    0    0    0    0    0    0
  973  975  979  982  985  988  990  994  996  997  999 1001 1003 1006 1008 1011
 1014 1018 1021 1024 1026 1028 1030 1033 1035 1037 1039 1042 1043 1045 1049 1051
 1054 1057 1059 1063 1066 1068 1069 1071 1072 1074 1076 1080 1082 1083 1085    0
    0    0    0    0    0    0    0    0    0    0    0    0    0    0    0    0
 1087 1099 1109 1116 1128 1136 1142 1148 1155 1156 1157 1158 1159 1160 1161 1162
 1163 1164 1165 1166 1167 1168 1169 1173 1175 1177 1179 1182 1185 1188 1192 1194
 1196 1201 1203 1205 1206 1210 1213 1215 1217 12201760717613 1082 1253 1260    0
    0    0    0    0    0    0    0    0    0    0    0    0    0    0    0    0
    1    5 1263 1266   29  156   48 1270   54   62 1282   71   78 1286   83 1294
   92 1299  128 1304 1311  146 1321 133017723 1360  160  169  172  182  192  195
  203  213  220  233 1363 1373 1376 13791776617778 1406 1409  270 1413 1418    0
    0    0    0    0    0    0    0    0    0    0    0    0    0    0    0    0
 1423 1432 1444 1450 1459 1466 1473 1480 1489 1493 1499 1504 1510 1515 1525 1532
 1537 1544 1552 1556 1562 1570 1575 1582 1591 1598 1601 1604 1607 1610 1613 1615
 1617 1619 1621 1623 1626 1629 1632 16341801918025 1647 1649  270 1660 1662    0
    0    0    0    0    0    0    0    0    0    0    0    0    0    0    0    0
  514  518 1664 1667  537  655  555 1671  561  568 1680  577  584 1684  589 1692
  596 1697  627 1702 1709  645 1718 1725 1733 1740  659  665  668  676  684  687
  694  702  707  718 1745 1754 1757 17601814718164 1797 1800  749 1803 1808    0
    0    0    0    0    0    0    0    0    0    0    0    0    0    0    0    0
 1812 1819 1828 1832 1840 1846 1852 1858 1866 1869 1875 1879 1885 1889 1897 1903
 1908 1914 1920 1923 1928 1936 1940 1946 1954 1959 1964 1967 1970 1973 1976 1978
 1980 1982 1984 1986 1989 1992 1995 19971838218396 2026 2028  749 2037 2039    0
    0    0    0    0    0    0    0    0    0    0    0    0    0    0    0    0
  973  975 2041 2043  985 1037  994 2045  996  999 2050 1003 1006 2052 1008 2055
 1011 2057 1024 2060 2064 1033 2067 2070 2073 2077 1039 1042 1043 1045 1049 1051
 1054 1057 1059 1063 2082 2090 2096 2100 2104 2105 2106 2110 1082 2114 2119    0
    0    0    0    0    0    0    0    0    0    0    0    0    0    0    0    0
 2122 2128 2137 2143 2152 2157 2162 2167 2173 2176 2179 2182 2184 2186 2188 2190
 2192 2194 2196 2198 2200 2202 2204 2206 2209 2213 2220 2224 2226 2230 2234 2236
 2240 2245 2247 2254 2259 2262 2264 2266 2267 2273 2279 2282 1082 2289 2291    0
    0    0    0    0    0    0    0    0    0    0    0    0    0    0    0    0
    0    0    0    0    0    0    0    0    0    0    0    0    0    0    0    0
