11604 284011780 208912987 147216645 661520664 2080228502870414060223361659518844
    0    0    0    0116031103411780 177114016 2074228051879519796312711925214690
17672 20752229314698197802698118196 8224141001040517204 252620188262131256230359
  2591443417196 2462196762211412507    011613 2535212931457216227232592120430308
130511001113547 2007181082205513635164162079631206212931047516219231952018018079
140512211112571 2393196683050414336    0116111103411780 177114016 20742279718731
197883120818755311961966817953119862870414172 688421805 656720260306941463510521
1709113824    0    0121151513111780 183514528 20752284516416146843146322532 1826
176841030416612 6305  2591795912602287041401230144    0    0121071513111780 1835
14523137601660518924  259191752233316416146121040216900 182517672    0    0    0
11613 2535212931457216227232592120430308130511001113547 200718108220551363518976
18176 208820284311451928415071222531002514139105221609118202150513024312587 6554
201963069116156    011099 693711780 164413667 968911780 2540198122608711780 2540
20152 207417716 82241358026688    0    014636 2848120422870416740 694511776    0
126201923614619 623216067221081455516416187882333314627 6360170833017312515 5852
    0    0    0    011611110341199428704136671513111780 260420323143361670918143
  25926855120982870416157 1472    0    0120991513111780 1772146911792016611 2520
20152 2075120902867210595 284011780 163912987 14721658830743  259 284813316 2604
16592 20872022628704202843018411780 260420664    0    0    011099 693711780 1705
13499 556816597 6615  259 695013316 247619664 20862284518903    0    0    0    0
110992742022229 573512579 2009145471000815548 9700125951071620733 234320277 6443
1776327392166371412213627 6425160831820116068 5668131071891120260271082177314315
    0    0    0    0116031103411780 177114011 9664165971866819292273032079622947
192201442716900 1771182682320620788228831819514464    0    0110992742022229 5735
12579 2009145471000815548 9700125951071620733 234320277 644317763273921663714122
13627 6425160831820116068 5668131071891120260271082177314315  260 57981106620512
17108 989510752    0116031103411780 177114011 9664165971860419292273032079622947
192201033116900 177117756232062078822883176831446416644 655120152 20811721028672
1160431333222931834814171 6745201802224415132103401668331133196682211412531 1817
14035 576016701 6505187721097422237 989713627146851870810529197083056713611 2199
155471384913312    012620 278411780 215517084 1472165971892420312 20742274114827
    0    0    0    011099 6937150591000816060 5604125951071720320 20732274118077
140351801512555 23291915626470228451638411603 284811780 158013156 16641670918924
16592 20882278628672100902332311780 138811619139521664518138  260 265111780 2089
19128 208022827 8224223731104513316 279619128    0    0    011603 69501209028704
131551104711780 254019811 5568167011807112984    0    0    012115 69441766630807
  259 693822796 8224208363152017412 260417172 5568    0    0116042741711780 2540
13496 2073228451641613155 688622020 168820164301441658631191    0    0    0    0
116033151622229 163513059 994812538308071862826343167001476018780 694322532 1899
14147104581660314168  2591801512555 2329  2601386114132 246719268150401667710347
1621919072    0    013619189742126118519  2591897220213 209016572 5568    0    0
11603107142070110027157161104422317106641976422819171062870413627148112070910155
1775619109207802691617675 556816595 252020152 2073120902867211603151422278012320
141791507722020 241215640 2079187001872319724306311515510520170832607512499 5723
13528 2078181881462619704 208218220 6558196922217812292 246018636 566212507 5787
  2592204213312    0116041494712066287041878817856166771801220704 20832120316416
13549 189614336    0116031513017924 183514112 20752282918795  2591917322020 1764
15660 650018740107192020426276125543061514019 9817140351232013595145571870018723
19712 20821873210655196922217812292 246018636 566212507 5787  2592204213312    0
116041917321301 650717764 284522237 16991355513981125463080718628262791516327041
18716 64321866814049  260232022227714186  25927356207001404614547302081660318265
16580 566813107164161760422182151552697717688 20861616410339166672268315876 2019
1460314208    0    011603 6951227622870413155 688622020 24761452321952    0    0
116032741922229 579914123187181819610529192042653414123 629615555139141403526336
1460326786182121878919772272372229318348  259191632121230501156521046817716 2526
2018826213125623061514019 981714027262721461126850187242288719276191361668510411
15707149761659510072  2601386213312    01160422691166433068714595103931914826281
14683315202281314697197562666114107 207115547138501353110008  2602288417676   32
192361443216636 182513600 207816604 9893136191494222020 170314675314562230110599
  260 6884212922288018652 972816667 61681555513888    0    010604 163218948 2149
17096 208616091287041408426624    0    0106031027816388 246313560    0    0    0
12612 284722284 6176  260 284816388 2092172433081616388 1769146681866117924 1769
19224 207521213 240419224 208521285 592314104 2085212121232019276230671865212288
11109 7191 8386   322138111288 8192    01311615393238051418314611183331305022610
180521740816670 235217780 2782202041007815564 1378 9506    013115194862381314503
18196142421305822418144672150416614 190416244 6883202601052618124 5471 9450    0
12116 3104 99941232016772 7201 9732 24092030023266227811821913643107151917218720
191962647014123 6296160672210813316 2409187721097522245 996114139187881720331197
2018826213125623067914531 988413316 245818112    0    0    010603 24091927616416
12587 234518436 156521229 5888165792204421216    0    0    012608    0    0    0
14132 9761120343068016076 169713587 6294170592988816643 616817092 572812804 2135
17584 2082125541638414132 169513051 207117084 97621306710266  260 163212555 2137
16584    0    0    011604228851208228704192442698211780 240218212 64941917218082
13051 597813539 1943170841386113316 2402171872690818140 9887135471398013043 2136
19152    0    0    011603110341199428704136671513111780 176215139310741923618850
202203056613603 2199160592204313316 176216164105321822010655196922218013075 2008
14032    0    0    01210826788187082250115139144901608322234150433017812067 2458
  26026789171881450016163227481762730429145472211112563 23291916426240    0    0
11604233331208228704193002743011780 240218212 6494191721808213051 597813539 1943
170841386113316 2402171872690818140 9887135471398013043 213619152    0    0    0
121071424615668 649918724105911918018146135631007513547 2007175961795813316 1759
1919622628181961840415131185871609122298150513024212579 649119664    0    0    0
1363623331227971437616572 5568166851879518268 6784166611444017080 20771923622820
  2592287718724163841160426981192422689918068 5215 89381000313464 20861925026963
18060 5150 8418 5779  26022691187002243714627103931607522170145312608112059 2394
  2602268918676182111409910202150671000915556 566913312    011603110341199428704
136671513111780 176115652 2403192441884919640 2075171401437217700186611719431127
    0    0    0    014636 2847222691028117228109142228518476  260 27842177310347
16728 20801920230807  260 2401192102867214636 2847222691028117228109142228518476
  260 2784217731034716728 208019202 2128  260 240119210    011595110341199428704
136671513111780 246919243140161669222234  2592653212082287041612426048    0    0
14636 2848120422870416740 694511776    0 9090228691195428704110502696611780 1441
1309114686192041852917080 2070171001405215139309441715430807  260 62441874023141
223091854011780 2145187162692018772150732220517856    0    011603105861199428704
136111468311780 176115652 2403192441884919640 2075171401437217700186611719431127
    0    0    0    0121153106918652 98871354713981125383087118628262791516331138
187241059118948 202015131185871609122298150513024212579 649019692265971770014500
16160    0    0    01160310586 8410   321361114683 8196 176215139310741923618850
202203056613603 2199160592204313316 176216164105321822010655196922218013075 2008
14032    0    0    01160422885 8498   321924426982 8196 240218212 64941917218082
13051 597813539 1943170841386113316 2402171872690818140 9887135471398013043 2136
19152    0    0    013115228771201828704151472697411780 195116148 64351925220512
1561130817182041885219752    0    0    01262026789187082250114627144921662730941
19168 2084151471468218624 208513075 200814536 207712515 9946  260267891770016416
19228105271866012320151391858916388 18251562014245151551474619140 969512003 1754
    0    0    0    014132 2848120422870416740 694511780 189318732186881662022372
18720    0    0    0116031058614043 187916572 976513828 1701141231404413043 2072
1761222208166842287119640 20851925222935    0    0    0    0126111059211780 1701
14124 1600166922288516584 20861920228672105943106811780 150912587180481664422298
  260 220411780 208218616 208019235 822421293 240413316 266118616    0    0    0
12107105971208228704136111469411780 246919243 9664166922223113496    0    0    0
126111059211780 170114124 16001669222885165871740816692225511497917408    0    0
121081871411780 246914528 20741925220512136111053218436 181619652260481659431127
    0    0    0    014132 2399186841437017172104661870022565  260 23361818814436
16672 208013563 610416572 560212563 623416592 208013059 213617100 1600    0    0
14132 2399186841437017172104661870022565  260 2336181881443616672 20821255430743
1606730304135791039317588 5407 9732 207316580 566513059 412817084 960016659 2132
    0    0    0    014132 2848156272460816740 694515364 207416075302401204230872
17612 579213316 207316580 566513059 40961211510714207011002716228110452232510728
20276269171820410273  2591071520189 1834162201098121813 2470192361456017412 1769
15704 208322325 41281975610368166441027017140 6272166431020116068 150512051 2201
17108 166416643 616817092 572812800    011099 663112804 253513000    0    0    0
14124 2143166433081616648    0    0    0100903076116388 265512024 20811255426582
16068 56321665226728161953113719456    0100903037713316 265111992 20711620328704
21250307201671617892  2583108118944    010597 143216068 2601  261 258616388 1695
20664    0    0    010595 144816196 1577  259 259816388 246312472    0    0    0
10595 144811268 258312472 2072141471232020707 1792167072614920832 20882222823071
    0    0    0    010595 144811268 258312472 2072141471232020707 17921657927173
12640 20722232422047    0    0    0    01211626661182121859716683228111710726267
140271795012034309361915626471177243114619292151362277314186151792723021508 2085
15651185231557910008  260 150612579105891973227109217891638411603 284811780 1644
16584 2088227862870412645 28161658914827    0    0    0    01311523581 8196 1968
15488 207724870   321498017408    0    01311611298 8196 228818048 207624862   32
1446813312    0    0 80661058319203 412811556 147216775 2071    0    0    0    0
10597 7144238852321421885 7207248773095717756 668818675 187614480 20842383718600
166113023810986140331293029718 8882 96831243429760    0    010605102171516318780
1815610143176521411613603 226317083302371353918206150992678618204228231876415009
21752    0    0    010597 693511780 18361569927165196762211712090313202222918220
15708 68202182114956  260224351512314489186202608812619108442021222400    0    0
1361918080202591027914544 20771461918268    0    0    0    013619180762024431013
187161034016163185861454718914202602281917676184041461110010  2591853017124 4096
13620182751409110202150671826818668265991721214756187162672716187229401865922363
16084 57951411520480136191807620228308861872418274140831001014652 25301974818717
17628 169213312    0136191808413539100171767518524202603050314544    0    0    0
136191807617172 5921146521890820195 81921362010276166752274717107303651405122308
1515531201202522691618228 6623202042640414571222391357910459186681846616384    0
136191807620195 8224146041852416900 23431864418880    0    0146272627413555 8224
16596 252813316 19591772327072    0    01412322493145871033018148148191460310202
1507522464    0    0136191807620195 8224145881890815876 20181864330848    0    0
1362018076135403049018640    0    0    01311513979201963075218748230131361231015
166431890720187 819213619180762025910535186431890813312    013619222361507618278
16188 6627197481871718140 579113547141091462722943202363095018724182751409110202
15064    0    0    013619180762024431013187161033216900 181814652107241923614497
14600    0    0    01361922236150761827816188 6627197481871718140 57911354714109
146272294320236309501872418275140911020215064 208215139 2205    0    0    0    0
13619180762024431013187161033216900 18181465210724192361449714600 20811718710337
    0    0    0    013619182051407510330181401827616156 214516139226841814818278
16188 6627197482051214563222391357910459186681840316652 611315123186521866826599
172121475618944    01361918916201962870416700 169619968    013619189081508314298
1710814052151402870414651182691407510330181401827619968    013619189121360428704
14652 170019968    0131151481313572 2266192601398416619 9959    0    0    0    0
136191808420195 8224186431891613312    013620 207620228 234316644 169616384    0
13115148202019510586145481890719968    013620 5795141152691518228 66232020426403
14579222391357910459186761865919724306951515518652155951429817104    0    0    0
14628 1696202122666316592    0    0    01362018076135961046917211311981969218342
16188 6627192281001018640    0    0    01361918269140751033018140182761666010210
1562818908202603069017684184681513114426160832223614848    013620 98902018722877
140601072213312    01361918269140751033018140182761666810339161552259216612 5991
187472300416900 188916156 637117700 233318140 57911354714109    0    0    0    0
13619184631767610465186841827514091102021506718268186682659917212188492022030566
14627182691407510330181401827616156 624216144    0    0    013619189162021110535
14648    0    0    013620 2211171873100518140 57911354714109145872262417692 6431
18668140491356310075145711839717156 82241768414563197323063115155227501764414182
15676107231974014498    0    0    0    01362018529161233056014611187171970830823
18228187241513114426160832223614571142981710814052151401866217211311971968418210
151073068915872    012108 246413316 169619712    0    0    0121071027816384    0
14124 259217412 189518200 208320204122881462717892217302867214124150092073222434
1560330433125702460817220 2463176592665017088    0    0    014123231992074822690
17652 5855125222460816196 2465176752665016064    0    0    014627182051407510330
181401827616156 21451613922684181481827816188 6627197482051214563222391357910459
186681840316652 611315123186521866826599172121475618948 207116724 1472  260 2080
16644 208016384    0121071040617412 169419696    0    0    013616    0    0    0
14628 5856135631436417116 572711776    014628 1823140831033116608    0    0    0
141241392318436 2268171073036514572 61151718014400    0    0141232210920484 1884
16084 579514620 62431615522592    0    014124140491356310076151153094518204 8192
14124141131356310076151153094518204 41281812414848    0    014124140501355510076
151152685018204 63671765122400    0    013620 1696197243095118744 207617700 8192
1412321983115302683918208 2083146031020215075226231818814561    0    0    0    0
141232217320484 188916156 637117179 819215132 169617924 208516696 20791972424576
1359517885115062664716664 2080192042870416180 6528    0    0141232217319972 1886
18200 2083135632867215636 169619968    0131151397918436 1761151312684817155 8224
166521046718220 6490    0    0    0    0141232217318436 188916156 637117179 8192
141233036514572 611517180144351460310202    0    0    0    0141232185318436 1884
16084 579514620 62431615522592    0    0141241366718436 2268171073036514572 6115
1718014400    0    0146272627018436 195217688    0    0    014123222391357910459
1815522557176601443518192    0    0    013620 169619972 182718712    0    0    0
141241392317924 22681710730365145721228814123227521359612288131151455714084 6363
19224    0    0    0141232217917924 189118128    0    0    014123219821153826839
18200 208314603102021507522720    0    013619186591815510522    0    0    0    0
14628 227117668 624216664 2080145871436217116 1792    0    014628 227117668 6242
16664 2081140831020316612 5857130502867214628 2527197153082216696 20801971612320
16611304321357914364    0    0    0    01362718717186681411514627229432024431014
192362275617164 207916628 60161666031013187081443316388 207516596 57931408312288
126111469313828 240514040    0    0    014628 2143166433081616648    0    0    0
12108 2463192041853316688 207416692   3216611304321357914364    0    0    0    0
121071053418436 169619712 20741464316384126122293916683 8192126111475716603 8192
1261223003182192870414068224001660310586    0    0    0    012611148211813928704
14068224001660310586    0    0    0    01311618403176761430715123185231609122299
15572 1698141071871819212228201973230695156673113619972 2019151151839614579 8224
165961001915652 64361822810688    0    0126111072013316 176716608 208620227 8224
13628270721661226982    0    0    0    0141232729411268 202616048 207821789 8224
1554013696    0    014124 681711268 221817584 207721781 822415028 9600    0    0
1108230938181791232013084 16641671718458    0    0    0    0121082723820797 2537
19796191062074826659161072620511780 228117724 6368150991013614515 962511979 1688
13496    0    0    011605 2087156592281317652 6111176521411614115 636017092 1630
140591827015611308181769218725187481488120736    0    0    0126122709813316 1895
156672690918140139881361914813202362691819768 2083156352268318132221821413122878
18160    0    0    014124 239614340 208518656 20781614728672141232287714340 1893
171961462717676 412815116 6243166672262015072    0    0    014132187221920422436
1512322494151071858818664    0    0    0141232287714340 189316684105311769130877
1661122272    0    0141232287714340 189318216 207717164 41281507614080    0    0
141152287714340 189318216 207717164 40961413218722192042243615123224941510718588
186681843216652 2336    0    0    0    0141232287714340 227718144 207717180 4096
15636 240014336    014620 649715619183321509122464    0    0141232287714340 2277
15096 20791717916384141152287714340 188418144    0    0    0136191878014340 1829
16608 208419203164161873218176    0    0141232287714340 189318144 20831922716384
14132 2398186681007915596 1825146192281518708146251920420480141232287714340 1893
171961462717164 1888    0    0    0    014132 2398186681007915596 18251461922815
187081462519204205121714018112    0    0141232287714340 1893171961462717164 1888
  260 208314336    01412414625191962237215131267861666730941171233049314848    0
14124 240014340 182918728    0    0    01413122877161152255617124141801616420480
141231878414340 234116608    0    0    0136191878214340 208515584 20801921916416
18732 9984    0    0141232288314340 227715072    0    0    014123187841715516416
18732 2112    0    0141241468514340 189318216 2077146191638414124 23981866810079
15596 1826151313094617700 2368    0    01412326848192031638414123228151921222756
181961026914619163841412322815192122275618196 620816644 624118180141771458718269
    0    0    0    014124 649714340 21491458818368    0    014123269731714810274
1767614306151071839615080 207819220204801412410592191881827415099264641461122751
17676 22061713128672141241468714340 189318216    0    0    014123310691866810209
17164144991870022501  259308131661922492171241417916652 409614124144981664330624
151232691219220186581817210080145791638413620 233614340 182418688    0    0    0
136191846816384    014124 227214852 189018160 20831764324576141241884413824    0
1514010656186841020716620 9920    0    0146192704018700103351661926304    0    0
1412414625191962237215123308181666730941171233049314852 208616600    0    0    0
136191859617412 182218672    0    0    014624    0    0    015644 59201459522621
17116 1600    0    015644 1888146031852516616    0    0    010100228201973230695
1515518779176273049315588 592315139287041618722876176353055715584 20852025931005
19685 183415708 688321813 66952180514508162271916221701 151011546266471504313977
145313017812075 252120688 2086202673106919680    0    0    012612149462076431016
1876415073227811828314667189091919614624  2592288217700 2398191721808212292 1956
1461114363155871833018104 207614603 63591860417635 8970 200014987176281047422420
15000    0    0    012612 284721765 215416736 208022786   321665130624 845926657
  25910588186762231013608 2074192522051217708187261923626789    0    0    0    0
12612 284721765 215416736 208022787246081665930753145951020417156 21761664326640
  260 1311 9474 213016544 2074191721834114643105601659622949  260105961874022822
17704 2074120022651914531 96641659431127  260 9700115703100017592    0    0    0
100993151622221 56061154626647150511000816060 97011261110909222771457019781 6507
1776331488166441430616140 208116660 630617180 2240166441027317164 630417408    0
12116 284522237 5798136111449316643308151869226791192602704918780 694422532 2079
16568 208116138287041455622208    0    0 95872741922213 5542110342248614531 5847
15540 963712099 6812222691457019781 650717763273921664518454  2582263516896    0
111232697118636 975912531 585113043 200817612181491565931010176993107018948 2795
19293 681918436 2795223171085217924 273018720    0    0    0 65611848416384    0
 9586 939023552    016644 3360 6144    0 958611182 9216    0 95861028616384    0
105941802819968    013115 541522528    016644 2976 9216    013115 695110240    0
105941892412800    013115 618316384    0141231405318944    016644 252812800    0
141231469313824    013115311961966818017130511001213563 6233186442640716188 6564
18740 662319968    01361910650136191066213616    0    0    013116 25851465118472
    0    0    0    013620 2714166422704016720    0    0    015644 220817164 6242
16656 2080151071852417132 1856    0    015644 220817164 624216656 20811459518461
17132 585612800    015644 240016388 214917152 2080151071852417132 1856    0    0
1463526912192122275618196 214416652 214518192 2080151071852417132 1856    0    0
141232275514852 227515080    0    0    015644 214416652 214516648    0    0    0
13619187171713130492  260187231717931004  259187191818814628  259182071511522812
    0    0    0    0131152358111780 228818104    0    0    010596 310411780 1495
21176    0    0    010597 7191121062867210092 2655207403082416712 207112979 1495
124823027216715 668021181 976912800    012612 2654181161417514028 18931308331267
17692 2624    0    0 95861028616388 118416512 209416642    012107 284811780 2604
16568 2072228531638414124 6816212443069316668 6303166512665316091303041204224576
141233139221260308211666730881166352665317116 5728120262457616172  54320736 2031
16388   3117920 204816244   3132508122881638731584  256 2016    4   32 4358 2052
16452   3116384    016268  992 58921844216676  60818177 617816468 2144 5892 6156
16660  800186891437416460 2528 38443072516692  224186881027416396 2016  259 2047
164513273520735265911636330464  256 205816668  672176651437016476 2272 538012288
16388   3212544 2024    4   32 17961843416652   9612544 6136163873126332508 6142
16115326071459114298163313030328411 61331608332031145901839816299306872789930711
161153222315102265881629930464  256 20371611532095151022658916307306232738724576
    0    0    0    011100 2082151311877920189 5930151953145721789 64391924422756
17691264611455513915120022645316044 553912067 6491191801833916640    0    0    0
131153151722245 59271514731009187162282318764150732278116384121071922811780 1900
15032 2073228531898220320 2073120342867211604 284011780 209220664 20802130628704
12996302081657831255    0    0    0    0110993151622229 573512571 20731454710008
16060 5604125951071620741 227920277 644317251314881663718283141551071318124 1692
140352204711780 2135181162218214652 25311977223139222851641615147224001666822750
  2592269117412 188918184    0    0    011604 284111780 209220152 20802129828704
11963219521666631319    0    0    0    011099 700020484 260520288 20771865928704
18724142721658713846  261 176711268 164320312 207321821 8224151241446416620 6369
  259 573512804 162420160    0    0    010595 693711780 170813496 20862283428704
20324301441656519116  2582607711780 226321688    0    0    011611 69441760228704
12643308481658118924207882739216587 2456  259 15111209922935    0    0    0    0
12115 6617212051406015203273592125222551  259 67472225314313  261 25362130914764
18788150742126022615  261 26622230914505  2592198811776    011612 284811780 2156
17080 2078201882627713083 61701557922428181482647115684 259520268270432021228704
15675188431915613984140671827014340 22681918026535167001475719252147841662118732
  2592198811776    011108 284811780 215617080 2071191402627714091183971561120512
12595 649017115304941610810085156673120120781 6528166592281419196267271927627301
  2592333222532 187918616    0    0    011099 1689120103042713051 220019661 5867
157161104522333 66942075630693141063119120688 2075140352621013107108442226116416
17764191742130827106197002220816587 1816  2601795912288    016060 265531493 6135
1670731968202212666116204 220719203306891660330624120271435416076  86312545 6103
164113017531483 2039160753196714077265901620330815191962249716203306232380314323
160753222312543224871641130176 4859 206116076 1183140823068616603308161612422562
16204 239923812307071670732224212472256916412 2592 48683073316684 11841766630751
16604 1760161303075416532 2400 69163072916708  2242124722569    0    0    0    0
146273100518148 5919150833049714619228151870014561186841638411603189742126118519
  2591897220213 209016572 5568    0    01060510600192521878618148 988913051 1752
13003 1752150513036816156 649820245 6251162272742022237 5863146272672314131 2583
21688 2090192841898019736 2087187401052418132 5663119943029612490304231504330369
16164 240120237 6187  260 68152226114122  259232602122030564161401815013123 2712
21688    0    0    010597 2593207163043813091 2136160751813815052 567212288    0
10595 25841709922171145393024112579 655520205 215220480    010595 25912076431078
20261 21521618718778181233023212288    016316  608 33323072316652   321356726645
16364 11193097718427164193247930975184201636331711319971433616180  2231612826585
    4   32 1796 61451661132736115192664216364  799309761842816355326072687926606
1637931392  7641843516120    0    0    016316  607299563071716652   321356810261
16412 1120 23051843716420  35130976184201641131712 12771433616179326071612710201
    4   3131492 614316612   96115201025816412  800 23041843616356  2232688010222
1639531391325081842916120    0    0    010595 1560160761398914651312652077231141
20253 202412288    010597 2593207163043813091 2136160751813815052 567212292 1568
18688    0    0    010605 586314123186541665930941186521801912555 20091506718268
16108 1955177081891721288    0    0    0105943055116068 989114619267861616327038
20733 620816571302411358718590171712690919693 19611722812288111073106818644 9824
12523 1689125143061516580140531567610789  2593106918652 988813035 57861251428704
16172 6499187241065020165 1472166522269218196221821261031319    0    0    0    0
110921103922253 586113587 604012474   3217764 2782212202224213555 5656 8196 2220
18788273672182031141192361046217924 234819796271091923618595  2592685017700 2398
19164180191254630615145311391414340 19551717214372156511455317604 1472    0    0
1160230873186522237316164 2273166511845614976 2072181321834016664 20881926010656
1709925884 8196 2533197322256112800    012116187221920422372140911013814043 5912
15548 1507125871475019724227532074110284172601520522845 822416683269081711526330
14528 208012051 233119188226921870830825172441104422845 819212108267881870822437
14627185901665128704156592281317660 2143  260 61081557118074140192608112059 2394
  260 610915579181381453126048    0    012108110402226910217167081482420293 2407
17195268431659522171140272608111026144811702729726 8708 227816155184591506714105
15544    0    0    0110982671118124223091513922684155702870414123187161762726199
  259183341766818597187322691918236 245918048 2084192521475219164 9216    0    0
105862261418116222451462718587150671000815032 2074191641814613547 98831252230679
170921398915156 25332030027364228051847416708 649917708 2590  260 56671411522880
1975627237223091638413620 2398155951007215548 56031309112320171953062213555 2007
    0    0    0    0116031877611780 189312984 20861926018980202682288318684 1887
14072 2077161232671217592 207716115266481708413797126031228811603 69392276514250
161962218212602287041417923198207711058420157 14721664422039  260 239311776    0
1058714677 8196 182911392 2075176191807314523260801256310525  2602697913595 2327
20157 573813828 2533186441795711776    0116031877811780 1893145871397811780 2533
19724182401670823010197161827414075 597613496 2073191802048012100110402226910217
167081482219972 2279161792287618148 60471714018304166683075815659227491714730814
  260 60451506718074135071782510514144811651525600166512652514563139791252226708
    0    0    0    012108 239718652 579013531139161253030743181162224615668 6499
187241059218948 208515651185231557910008  260 150612579146861922018688    0    0
110992690611780 195614008 20841872228704187242195216572 982814637 646416572 9827
14629 6400    0    0115951001113027 19431657213861141312704119228187221920422372
1409110134 8196 207117604181491566010532  260 239818660 585411904    0    0    0
11613 6495191721808113043 585013019 187916060 97641412326977187161462518948 2021
151391442615571 9944  25930177125711462218708145921666819044    0    0    0    0
11604 643011780 214816056 2072176201827720776 2072176201418020768    0    0    0
11602308081813222373156512678014563 6039  2591878118668 994814027179501202630872
1864426471172122294920248    0    0    0110992281118124 566212507 57221251430679
176042218315172 25951975618786181793061813952 207214035 591216068 98291413920512
207642691618708102711556317408    0    012107 649119180183381807617509 8196 1765
146272269010010 648020096 2088192601468813995 5272 8192    01058815133 8196 2348
14464 206917076138611412318716176272223415044 15701309918911  2591058718652 9885
135231385312034308721864426471162042048010587105241866022180125543061514019 1623
1401122047140832460811995 162512507 188116088 2079156111436017084137971260314878
20748310141925218916  2593043213067 22641914830400    0    0 5555280572731013489
 80492324320052 8862 583321839 9361300291289125250 54331505323678 529911179 7582
27926230272241327569224283209827894245761563530878171393068617140102101716410210
    0    0    0    01009226793166912460818221 208313828 150420736    0    0    0
1261127040212682460814108 259717924 208816568    0    0    010091103911659524608
15147 207713828 156821248    0    0    0126112627212051 822414060 157314852 2089
16576    0    0    014124 2719222771853917228 252719456    014124 694422269 6119
16692 662420480    014124 2721222771841116204 252919456    0141233152022285 6247
166913120020480    014628 284718948 215616168    0    0    0126111922718948 1900
14120 208422812205121930014656    0    011612 6938 8196 254016512 207417220 4128
1302030400    0    0121162743011780 164419808 207817716 82241298826048    0    0
1311523581 8196 228818048    0    0    014628 3104 8192    016316  6073046830715
163873247912800 204816356 252730976 204416072   32  2551437516436 2496  256 2043
16076  41512800    016316  608 23083072416388  28712800 204816428 2528 2816 2053
16072   32  2551027916428 2496  256 204216076  35112800    0100923132111780 1507
21272 2071151792048010597 7144238852321421885 7207248773095717756 668818675 1876
14480 20842383718600166113023810986140331293029718 8882 968312434297601663630502
13603 6233160831820216076 5732136191891120236269161972430695    0    0    0    0
10596 259211780 156820736 2072120982867210596 259211780 157620800 207216708    0
131072300513316 195915568 2075202683107518744 207513571 819213116 252213316 2085
19152 208020275 822414044181121659510650    0    0    0    013123311971968422242
1407518205140751039418652223101618010597187401071919972 202315147185881610718394
  260 9892146353107418732106881663614302  2601046615364 201717672 207916660    0
13116 252313316 208418640 208020267 822413011262401665910714    0    0    0    0
126111487418948 247219240 2078176432870418196101761660318073  2602640512804 1767
19256 20751975624608156281030416628 2208  2591405313828 175419152    0    0    0
126191890813316 189515056 208420259 822419260221441659631207  259 988713316 2202
20176    0    0    0131311481616900 18311716313952166043107919740188801661114683
  259139891361926906    0    0    0    01312314556196923063116180 227213316 2467
1925218915202442672317104 20751814822374156673107217924 246719244188511973222627
  2592627513312    013124 252813316 215117104 2079186601404914083183351512322878
19716267251819618404  2593100518148 59201509130528166592281419204226281819616416
15676147841662710458    0    0    0    012620 252813316 215117104 20741762814115
15099305281665922815192282685517412 17631459522431151232281419204268161662830951
  2592627513312    0131231410813563 995214107187811970830887187402288618228 2202
19156263681661922304146192287919972 22151873222757166752051214555263041666714683
    0    0    0    0 807527738247733006110074 667219580 9182 8402 56511092213841
1344325570 7986 25772217321871126751135825366 24792084515085208602768225334 4096
14124232042229318412151951909920700264041513214308156591877818628137931150626391
14016    0    0    013620 1696202122666316592    0    0    0126203088617716 6625
2024426853182121046217636 585513547 9947135391013916108 208217188 65602021230566
1513926723141231065020184 2077135311814215104 2077186761052319152    0    0    0
126122287919180182111409114300150831839519160    0    0    012611146831609922364
16092 5859146272287919240    0    0    01261114689192281872319212225001513118523
14040    0    0    016316  608 2308307201665132672151032255216364 13113200130720
16476  288 2560 204816404 2336  260 20471661932672125432664416380  992  25718434
16448   32  2561843716380   32 23031228816388  28730464 203716371318393148518429
161953267118176 20151641930272  256 205016324   312687930705163713151931997 2047
16156   311664010204    0    0    0    016316  607309803072016652  1601510414360
16412 1312 1281307201647532544 2560 204816372 2336  260 204916620  1601254410260
16396  992  2571843016448   32  2551843716396   313097512288163873254330464 2037
1640331840 17891843516196  15918176 20151635530272  256 204616324   3126880 6129
1640331520 1277 204916156   311663926588    0    0    0    012611140431712414180
16172 6499187241468919160    0    0    01261222879191801821114091143001508318395
19160 207516668    0115963056515131267831665930941186601808313067 61701558722365
16116 2018176921469220256    0    0    012611101381660410082181722250216388 1696
1409122627156592704019728    0    0    0131313094117636 585514059181421356310331
181562256617924 201915115183961508314234  25930945182041058719664 20811819610523
1966830336    0    013108 2526191801404512976 2079197001820613488 20802024431014
187241449616900 2215182281462617668 41281665210275156431858716595303651405124608
16652 61781563518458    0    0    0    01311510332181641437017148 579211268 1697
146112678417163287041922818465135622457613116 6367181561001714075141721406710266
176281411615652 2274166753113520229 221618236187521663614177145871820613316 2074
1763614243171641232016180 2530202602048013620185941817214178151152665615876 2019
156352672015876 20791509118268140671033018136 208016115264611506726240    0    0
13612 25271970822628187241878518676141781459518333145791436217100 56001150626455
  260 64311816410080150912640013312    012091 20731762014115151232261913316 1763
146111852213316 188915636 2274182121052817072 2082182041046416560    0    0    0
12091 20091710810018151152230213316 176214603182691406710202171161001915652 6436
18228107202022026596166601437315876 201017124101471718018599    0    0    0    0
14636 22701457914298171081405214852 2147160993043213312    0131152274613316 1955
14032 20831821210594187161046417132   321510726592140991052319176 20771663530811
17616    0    0    013619107162021226970  2591890919747 822416659139521664410010
    0    0    0    0131232274511268 195513488 2076150751417016084 585814340 2339
17636 9955136111065120200 2085182031865118640    0    0    0126031865113316 1891
145711395216676 23391922818466150991410614032 2074181561228814132 25271970822628
18720 2082186841424215620 201915876 22121666730879166432870417147265251508314298
17100 97621204226582  260 6111156032242716080    0    0    0131073094117636 5855
140591814213571103951814818340166681033916152 207918156 591914563262401664310396
181641443317920    0120992677913316 195414544 208217675 822417684 985616588 5859
19736 20731711610658    0    0    0    012596 6367181561001714075 14081663614177
14587 5504166521456218692183391461114362155711813914852 2147181881424214595 8192
1313230943181561001714075141721406710266176281411615652 227420240 207918156 5919
14563262401664310396181641443317920    013124 630313316 214616592 20751713214755
  2591442917716 819212595 6170176281417915635266531508314234  2591865317644 1821
14555262711357914557186921865918212 81921312322684171153042914555262721359514685
1971626789182041449817156 188511268 17571456326336141071878219712 20861719610466
17152 20801509910134    0    0    0    01310714556181641032717584 20761815610263
1758813696166761449614539 9600    0    0121081071911268 227915536 207216588 9891
146192268514579144271814822400166041411414579222381357910459191882666317920    0
1261118590176521411414091102021506714106155713043215116   3213547181421408320512
16644 176113595105881970026661177001462619216 2080151151455519168    0    0    0
110992735521701 1445110262242214019 175015532 957311587 2715222611450619269 2410
1775527328    0    0110983042214507259531154631001191642237215644100831463514811
2122110091162201091621288    0    0    0121081046717716 227017640 208317708 2270
  2591027716384    014124 240013316 189015644 246618204 822415644 240217920    0
121072684517620 188615592 207717628 1886  2591437416384    014124 246413828 1886
15596 1698151312460815596 176214848    014628 6560191962666317204 643117408    0
14628 6623191961437017180 233517920    014627311361921226663161793100917408    0
1462731201192121437016156 233717920    015140 252817412 215116656    0    0    0
136192300517412 195915120 208320252 82241874814464    0    013116 252411268 2343
16560 207617196 41281405218176    0    0136281891613316 183118744 207917188 4128
1454818048    0    0141232729411268 221817584    0    0    015132 272011264    0
16316  608 2308184331665132736156152255416356 137530977307171645932672 2816 6138
1640332160 1790 205116220  15919712 61151637930656  256 204916651327361510326650
16364 137531490 20461646732736 3328102351641132224 2302 614816220  22319712 6114
16379306873097116384    0    0    0    016316  607309801843116652   961561614362
16420 1376 23053072316460  160 281530714163713215931486 204516219326711971130691
1639530656  256 204716652   96151041026616412 1376 1794 205016468   96 332726619
163633222330974 6140162193260719711306901639530688 229916384    0    0    0    0
121082293913316 169819728 20741566724576121082723820797 253719796191062074826659
161072620511780 228117724 6368150991013614515 962511979 168813496 20791866814113
1458722367146031865318684185311818818404    0    0    0    012612 240013316 1760
19200 207513611 819212612 240013316 176519240 207516684    0141152287714340 1893
18216    0    0    014124 239614340 208518656 2076146271638414132 23981866810079
15596 1825146192281518708146251920420512161401024016660 6112    0    0    0    0
14124 239614340 208518656    0    0    0141232288318948 195317664 208217140   32
1507614080    0    0141232287714340 227718144 2077192282048014123228801713116416
15148146561661918652    0    0    0    01412318652186682243716164 220814340 2339
18724146901921218466    0    0    0    013620 240014340 195514611183981563526911
187081046217920    013620 240014340 1827151232249515627268471819618624    0    0
141312230314572 189015652 24011922818722186921002014336    013115311961966818017
130511001213563 6233186442640716188 656418740 662319968    011603 693711780 1452
213473088912292 258821197 96641670718969  2602212012804 239320677 9664    0    0
146273100518148 5919150833049714619228151870014561186841641615115224641662810142
  2593094314852 208316616 20811818720512176841011216668 6367    0    0    0    0
1462718716146271872414624 2077181552051215643264321663614301  260 227214852 2147
17128 208218195205121820414144    0    014124 24591514722566  260 226915364 2083
18160 2080166352460816644 6016    0    013595102751410822176  2592256214852 1888
17688 208016659287041664410304    0    0131161538816666    0131152358816618    0
14124 17011814014362  260 189117412 207715120 208016652 82241664330848    0    0
15156266531917914752  2601436617924 227215592 208016628 41281664326560    0    0
13620 246014132 989018652 243216644 2086  260 207417412 208014552 20801667512320
1664426752    0    016700 252812804 208720260 2112166522282017176    0    0    0
12620144971817214241156193062515643287041820414308156672710420236269161972430759
151551461817108 175715068 169713603122881362010657197242269317716 66232021226532
161481027515876 195616156103391615522619  25930877166192652417108 97921661926525
17116 9826120422658215547261431253830615    0    0    0    013620 25271971622630
16696 208019204 412816651306881460330753  260 182411268 195515139186531765214499
1821218659176841228813620 2401197163069416684 21431665122556  260 21451663522556
16579301761153030744  2592684518660141781564410467187241456217688 20781354714106
1505126274135951461818124 9856    0    011603311961966818017130511001213563 6233
186442640716188 656418740 662319972 208116132 201716644 409613628 25261969218275
15628 208116668 64351872414753202282870416644 166416652 2138  2592237214848    0
11603311961966818017130511001213563 6233186442640716188 656418740 662319972 2087
16584 207316700    012604 207817132 58561355510075140591013816604 598515620   32
19244 2048166442288519200 20801923618784    0    0    0    014124225651718814564
1719531069186601404914080    0    0    011101143791774823080192841097422237 9768
115622267716384    01412314363160992236416092 5859146272287919200    0    0    0
136191039616635308151869226752    0    016668 189015644 221016664    0    0    0
16676 208317700187261823610688    0    014596 207717636182141516327072    0    0
11012 278222237 9768115622267716384    011010225491553913848140032595210752    0
16732 13781105027160217251425116384    016733143791774823080192841097622016    0
 95861045317099306221765230699172681228815644152652226830626156033030511034 8192
1512323455222843088217652 572710986 8192 95861006916076 605017684308271624320480
14124 252719180 9952  260 25291922810592    0    0    0    014123310691866014049
14075182691458714427181481827716172 643518212 649518944    013116154562482130509
13651 6553165952229916084 57961413123008  259 6298191723069617220189181926010716
1965217762 998610065    0    0    0    0116033151622229 163513059 99481253830807
1862826343167001476018780 694322528    011603189742126118519    0    0    0    0
116031071420701100271571611044223171066419764228191709831191    0    0    0    0
116031514222788186601922826791161872293818628 559811995 168913016    0    0    0
116041512915683246081827613760    0    01160423323227401405215660 65001874010719
2020426276125543061514019 981713824    01160427237222931847615195148741813126330
15044 150512067 24582020430630171881443616675227471710724576116043151711780 1644
20320    0    0    0116032741922229 579914123269151822010657202203050213603 2135
160591794613515180151357914493181961878919772272372229318348    0    0    0    0
116042698117692 2079161231845817612221181364319167227891866719276269821668314552
165712607512499 819214132 246213828 227817112 207717700 82241510018368    0    0
 9586100661829215261    0    0    0    012612 296816388 209420736    0    0    0
15636 246413824    0131161129523285101521617210368166452660316188 23041666010208
17648 208215611142321553929922 8196 20761607530048 9216    013115276812331710408
1719526752166452673117212 2304166281033615600 2078156271448817588 5342 8196 2076
17100 5472 9216    0 7986 616516642 822411004 10881654730736  26028192 8192    0
10597 7144238852321421885 7207248773095717756 668818675 187614480 20842383718600
166113023810986140331293029718 8882 96831243429760    0    0 95861028616388 1561
20680 2078 9490 8192 95861026416388 188818176 208816756    0    0    0    0    0
    0    0    0    0    0    0    0    0    0    0    0    0    0    0    0    0
    0    0    0    0    0    0    0    0    0    0    0    0    0    0    0    0
    0    0    0    0    0    0    0    0    0    0    0    0    0    0    0    0
    0    0    0    0    0    0    0    0    0    0    0    0    0    0    0    0
    0    0    0    0    0    0    0    0    0    0    0    0    0    0    0    0
    0    0    0    0    0    0    0    0    0    0    0    0    0    0    0    0
    0    0    0    0    0    0    0    0    0    0    0    0    0    0    0    0
    0    0    0    0    0    0    0    0    0    0    0    0    0    0    0    0
    0    0    0    0    0    0    0    0    0    0    0    0    0    0    0    0
    0    0    0    0    0    0    0    0    0    0    0    0    0    0    0    0
    0    0    0    0    0    0    0    0    0    0    0    0    0    0    0    0
    0    0    0    0    0    0    0    0    0    0    0    0    0    0    0    0
    0    0    0    0    0    0    0    0    0    0    0    0    0    0    0    0
    0    0    0    0    0    0    0    0    0    0    0    0    0    0    0    0
    0    0    0    0    0    0    0    0    0    0    0    0    0    0    0    0
    0    0    0    0    0    0    0    0    0    0    0    0    0    0    0    0
    0    0    0    0    0    0    0    0    0    0    0    0    0    0    0    0
    0    0    0    0    0    0    0    0    0    0    0    0    0    0    0    0
    0    0    0    0    0    0    0    0    0    0    0    0    0    0    0    0
    0    0    0    0    0    0    0    0    0    0    0    0    0    0    0    0
    0    0    0    0    0    0    0    0    0    0    0    0    0    0    0    0
    0    0    0    0    0    0    0    0    0    0    0    0    0    0    0    0
    0    0    0    0    0    0    0    0    0    0    0    0    0    0    0    0
    0    0    0    0    0    0    0    0    0    0    0    0    0    0    0    0
    0    0    0    0    0    0    0    0    0    0    0    0    0    0    0    0
