 1 1 -3.954681E-3
 1 2 -0.01183448
 1 3 -0.09369352
 1 4 -0.035579256
 1 5 -0.12014911
 1 6 -0.1368544
 1 7 -0.14841193
 1 8 -0.15859838
 2 1 0.4599904
 2 2 0.30682113
 2 3 0.39348995
 2 4 0.46268555
 2 5 0.3640647
 2 6 0.3639226
 2 7 0.21400763
 3 1 0.12747754
 3 2 0.16245793
 3 3 0.13423958
 3 4 0.1724817
 3 5 0.079568125
 3 6 0.05158891
 3 7 0.05131867
 3 8 0.0268175
 3 9 0.048942096
 4 1 0.4831056
 4 2 0.3530001
 4 3 0.17197374
 4 4 0.36627078
 4 5 0.30155712
 4 6 0.39071506
 4 7 0.36656567
 5 1 0.22214797
 5 2 0.27594664
 5 3 0.31111073
 5 4 0.26827976
 5 5 0.23489703
 6 1 0.054318826
 6 2 0.0851668
 6 3 0.15079477
 7 1 0.08565595
 7 2 0.073955364
 8 1 -0.18241005
 8 2 -0.20413543
 8 3 -0.21584632
 8 4 -0.15943758
 8 5 -0.10399013
 8 6 -0.05141635
 8 7 -0.20445386
 9 1 -0.021323739
 9 2 -0.02633014
 9 3 -0.041436534
 9 4 -0.07951615
 9 5 -0.113814264
 9 6 -0.13581125
 9 7 -0.19795805
 9 8 -0.16178991
 9 9 -0.14602286
 10 1 0.40089055
 10 2 0.39115297
 10 3 0.37995865
 10 4 0.3526244
 10 5 0.21646518
 10 6 0.33220782
 10 7 0.22174884
 10 8 0.22498457
 10 9 0.23829798
 10 10 0.24003746
 11 1 0.27645108
 11 2 0.22269607
 11 3 0.23714241
 11 4 0.2315255
 11 5 0.18132146
 11 6 0.20211591
 11 7 0.18036108
 11 8 0.14955866
 11 9 0.14781515
 12 1 0.18605945
 12 2 0.17410026
 12 3 0.16111535
 12 4 0.1461863
 12 5 0.13071716
 12 6 0.10882616
 12 7 0.14964329
 12 8 0.13892478
 12 9 0.1035473
 13 1 0.4303669
 13 2 0.401866
 13 3 0.37844115
 13 4 0.41289976
 13 5 0.36165732
 13 6 0.29825067
 13 7 0.364637
 13 8 0.34774753
 13 9 0.32670673
 14 1 0.3464894
 14 2 0.37684994
 14 3 0.3632733
 14 4 0.3365169
 14 5 0.36203742
 14 6 0.30445432
 14 7 0.28694471
 14 8 0.30925488
 14 9 0.25736975
 15 1 0.12102649
 15 2 0.098218314
 15 3 0.1080974
 15 4 0.014055673
 16 1 0.039690144
 16 2 -0.012043709
 16 3 -0.04589217
 16 4 -0.057343754
 16 5 -0.073124855
 16 6 -0.13025956
 16 7 -0.07075982
 16 8 -0.13640404
 16 9 -0.14616288
 17 1 -0.01580995
 17 2 -8.452822E-4
 17 3 -0.053135465
 18 1 0.040237583
 18 2 0.10748904
 18 3 0.030015184
 18 4 0.07435012
 18 5 0.054441694
 18 6 0.030399134
 18 7 0.018117769
 18 8 0.10422803
 19 1 0.078916504
 19 2 0.06290955
 19 3 0.010054008
 20 1 0.34592095
 20 2 0.23710807
 20 3 0.25424432
 20 4 0.2245449
 20 5 0.28779473
 20 6 0.22250575
 20 7 0.20318604
 20 8 0.20605491
 20 9 0.17616832
 20 10 0.15380557
 21 1 0.5447245
 21 2 0.49936497
 21 3 0.4086919
 21 4 0.51424956
 21 5 0.5328819
 21 6 0.54256254
 21 7 0.47703054
 21 8 0.44800454
 21 9 0.48869955
 22 1 -0.03014888
 22 2 -3.424108E-3
 22 3 0.018463207
 22 4 -0.027468704
 22 5 -0.10796065
 22 6 -0.055456835
 22 7 -0.09729817
 22 8 -0.12899111
 22 9 -0.09019576
 22 10 -0.16956002
 23 1 0.30924916
 23 2 0.23283373
 23 3 0.19550425
 23 4 0.16873585
 23 5 0.14764413
 23 6 0.14994279
 24 1 0.40031296
 24 2 0.3313673
 24 3 0.53321194
 24 4 0.50172156
 24 5 0.5023245
 24 6 0.49529856
 24 7 0.49072834
 25 1 0.39869338
 25 2 0.41243532
 25 3 0.44435861
 25 4 0.40435861
 25 5 0.38145324
 25 6 0.40090987
 25 7 0.3639646
 25 8 0.40644863
 25 9 0.3756255
 26 1 0.17527176
 26 2 0.14518902
 26 3 0.24346827
 26 4 0.4465852
 27 1 0.04653403
 27 2 0.079055815
 28 1 0.077485024
 28 2 0.08779492
 28 3 0.08918651
 29 1 0.24676313
 29 2 0.2318781
 29 3 0.10987731
 29 4 0.20668337
 29 5 0.14446197
 29 6 0.2018767
 29 7 0.12867437
 29 8 0.12415583
 30 1 0.0749811
 30 2 0.06286525
 30 3 0.088394634
 30 4 0.10460373
 30 5 0.042618293
 30 6 0.10670986
 30 7 0.10167688
 30 8 0.031539354
 30 9 0.08559611
 30 10 0.08540913
 31 1 -0.023573127
 31 2 -0.03141951
 31 3 -0.04330229
 31 4 -0.04366197
 31 5 -0.06685082
 31 6 -0.107784844
 31 7 -0.061423595
 31 8 -0.06737017
 32 1 0.49594807
 32 2 0.50602644
 32 3 0.5341866
 32 4 0.51569396
 32 5 0.52917104
 32 6 0.52460795
 32 7 0.48972538
 32 8 0.48969784
 32 9 0.51341336
 33 1 0.14941798
 33 2 0.14635083
 33 3 0.115620985
 33 4 0.14333645
 33 5 0.1231204
 33 6 0.11731103
 33 7 0.11327797
 33 8 0.06695634
 33 9 0.054296106
 33 10 0.111967884
 34 1 0.21680836
 34 2 0.20713322
 34 3 0.23646864
 34 4 0.22514074
 34 5 0.24264571
 34 6 0.19721214
 34 7 0.2040716
 34 8 0.19829156
 34 9 0.14439207
 35 1 0.5096848
 35 2 0.43841353
 35 3 0.5047035
 35 4 0.4546731
 35 5 0.39772623
 35 6 0.3395938
 35 7 0.35237675
 35 8 0.34156823
 35 9 0.17974907
 36 1 0.06677298
 36 2 0.13480447
 36 3 2.8674732E-3
 36 4 0.072558484
 36 5 0.06162441
 36 6 0.07880502
 36 7 0.12457062
 36 8 0.019121071
 36 9 0.07598284
 36 10 0.054914955
 37 1 9.005793E-3
 38 1 -0.10954431
 38 2 -0.058371286
 38 3 -0.10286449
 38 4 -0.10115293
 38 5 -0.123569905
 38 6 -0.09029273
 38 7 -0.11731628
 39 1 0.48648914
 39 2 0.4921474
 39 3 0.5149907
 39 4 0.4439022
 39 5 0.45089322
 39 6 0.4675841
 39 7 0.49393475
 39 8 0.4550592
 39 9 0.468717
 40 1 -0.013823602
 40 2 0.03959741
 40 3 0.014586543
 40 4 0.09171494
 41 1 0.13598303
 41 2 0.15384866
 41 3 0.16971894
 41 4 -6.6605205E-3
 41 5 0.12834755
 41 6 0.10848294
 41 7 0.03642708
 41 8 -6.5673892E-3
 41 9 0.061092827
 41 10 -9.82048E-3
 42 1 0.14914903
 42 2 0.34779867
 42 3 0.15816058
 42 4 0.21944772
 42 5 0.2458396
 42 6 0.19723547
 42 7 0.32310694
 43 1 0.026537275
 43 2 0.03716651
 43 3 0.09723378
 44 1 -0.018660057
 44 2 -0.022255212
 44 3 6.270882E-3
 44 4 0.015345626
 44 5 0.049132782
 44 6 -0.037622794
 45 1 0.52586376
 45 2 0.5209152
 45 3 0.5176495
 45 4 0.5248085
 45 5 0.5825629
 45 6 0.39077866
 45 7 0.4064949
 45 8 0.36633202
 45 9 0.44468122
 45 10 0.35693362
 46 1 0.10711101
 46 2 0.040551055
 46 3 0.046888433
 46 4 -4.401745E-3
 46 5 6.60596E-3
 46 6 0.079348213
 47 1 0.46695652
 47 2 0.40002974
 47 3 0.3129836
 47 4 0.43547147
 47 5 0.43912246
 47 6 0.3187205
 47 7 0.33824053
 47 8 0.2859167
 47 9 0.27321738
 48 1 0.43657496
 48 2 0.14013353
 48 3 0.11339576
 48 4 0.37123903
 48 5 0.46700668
 48 6 0.48400011
 48 7 0.4273132
 48 8 0.35813137
 48 9 0.23909234
 48 10 0.24448365
