    1    6   15   23   30   36   41   50   55   57   62   67   70   76   81   90
   96  106  113  122  126  131  134  140  144  148  153  162  165  172  182  186
  197  210  213  227  240  243  245  253  255  260  265  276  280  281  286    0
    0    0    0    0    0    0    0    0    0    0    0    0    0    0    0    0
  290  298  306  313  321  329  334  344  350  355  360  365  367  376  382  390
  398  406  411  422  426  432  435  441  445  449  454  461  470  475  487  489
  491  495  499  502  505  510  515  524  528  531  534  537  280  544  550    0
    0    0    0    0    0    0    0    0    0    0    0    0    0    0    0    0
  557  560  565  570  574  577  579  585  588  591  594  597  599  602  604  610
  614  621  626  634  636  640  642  645  647  649  651  657  659  663  668  670
  677  684  686  695  702  704  705  707  708  712  716  726  728  729  731    0
    0    0    0    0    0    0    0    0    0    0    0    0    0    0    0    0
  733  736  739  741  744  747  749  753  755  757  760  762  763  767  769  772
  775  778  780  783  785  787  788  790  792  795  797  800  803  807  813  815
  817  821  823  824  825  828  831  839  843  846  849  852  728  858  864    0
    0    0    0    0    0    0    0    0    0    0    0    0    0    0    0    0
  870  872  876  879  882  885  887  891  893  894  896  898  900  903  905  908
  911  915  918  921  923  925  927  930  932  934  936  939  940  942  946  948
  951  954  956  960  963  965  966  968  969  971  973  977  979  980  982    0
    0    0    0    0    0    0    0    0    0    0    0    0    0    0    0    0
  984  996 1006 1013 1025 1033 1039 1045 1052 1053 1054 1055 1056 1057 1058 1059
 1060 1061 1062 1063 1064 1065 1066 1070 1072 1074 1076 1079 1082 1085 1089 1091
 1093 1098 1100 1102 1103 1107 1110 1112 1114 11171750417510  979 1150 1157    0
    0    0    0    0    0    0    0    0    0    0    0    0    0    0    0    0
    1    6 1160 1163   30  148   50 1167   55   62 1179   70   76 1183   81 1191
   90 1196  122 1201 1208  140 1218 122717620 1257  153 1260  165  172  182  186
  197  210  213  227 1263 1278 1281 12841767117683 1311 1314  280 1318 1323    0
    0    0    0    0    0    0    0    0    0    0    0    0    0    0    0    0
 1328 1337 1349 1355 1364 1371 1378 1385 1394 1398 1404 1409 1415 1420 1430 1437
 1442 1449 1457 1461 1467 1475 1480 1487 1496 1503 1506 1509 1512 1515 1518 1520
 1522 1524 1526 1528 1531 1534 1537 15391792417930 1552 1554  280 1565 1567    0
    0    0    0    0    0    0    0    0    0    0    0    0    0    0    0    0
  557  560 1569 1572  574  649  585 1576  588  594 1585  599  602 1589  604 1597
  610 1602  634 1607 1614  645 1623 1630 1638 1645  651 1650  659  663  668  670
  677  684  686  695 1652 1661 1664 16671805418071 1704 1707  728 1710 1715    0
    0    0    0    0    0    0    0    0    0    0    0    0    0    0    0    0
 1719 1726 1735 1739 1747 1753 1759 1765 1773 1776 1782 1786 1792 1796 1804 1810
 1815 1821 1827 1830 1835 1843 1847 1853 1861 1866 1871 1874 1877 1880 1883 1885
 1887 1889 1891 1893 1896 1899 1902 19041828918303 1933 1935  728 1944 1946    0
    0    0    0    0    0    0    0    0    0    0    0    0    0    0    0    0
  870  872 1948 1950  882  934  891 1952  893  896 1957  900  903 1959  905 1962
  908 1964  921 1967 1971  930 1974 1977 1980 1984  894  896  898  900  903  905
  908  911  915  918 1989 1997 2003 2007 2011 2012 2013 2017  979 2021 2026    0
    0    0    0    0    0    0    0    0    0    0    0    0    0    0    0    0
 2029 2035 2044 2050 2059 2064 2069 2074 2080 2083 2086 2089 2091 2093 2095 2097
 2099 2101 2103 2105 2107 2109 2111 2113 2116 2120 2127 2131 2133 2137 2141 2143
 2147 2152 2154 2161 2166 2169 2171 2173 2174 2180 2186 2189  979 2196 2198    0
    0    0    0    0    0    0    0    0    0    0    0    0    0    0    0    0
    0    0    0    0    0    0    0    0    0    0    0    0    0    0    0    0
