11604 284111780 209220152 2080212982870414060182401657030551  2601380111776    0
110991103411780 177214008 2071228131885920309 2600197721885118192 20832282914762
20292311421873214562  2591449917716 662420725 176713107 226311960 208317708 6560
202123043813099 2263    0    0    0    01109227239197731885718780 69432275713993
13115 23281607518074145313017712067 245820192 2079227651405713627 64251608318138
1504330144    0    0110991103411780 177214008 2071227971873119788312081875531196
1966817953119622870417252150772130031204202202640513595 2135    0    0    0    0
110911103411780 177214008 208119723246081213231527197651641614100 62721657031191
2020426048    0    0110831103411780 177214008 2081197232460812132315271976516416
14100 62721657030615    0    0    0    01110827239197731885718780 69432275713993
13115 23281607518074145313017712067 2458  2593151722237 579913091 61061455510072
16056 2086161782870420220301441666731391    0    0    0    010595 693711780 1708
13496 2086228342870420324301441656518284  2601514622532 169819728 20701201028704
18109 9664    0    014132 284811780 215617080 207722821164161503617856    0    0
131241513914099 2071155471794713531182051507518112166611858717092 14721663718860
    0    0    0    010579 693711780 170813496 2087227392870416156301441662814743
  2582742122532 228421344 2070120102870418109 5568    0    0121071922811780 1900
15032 2073227891641612989 1512151622867210603 693711780 170816592 20732278628704
20324 14721670118903  261 285611780 145213664 2087228771641611451178561667431447
    0    0    0    0111071103411780 177220168 2075218182870420324301441657318156
  2601924222532 149515032    0    0    0110993151622229 573512571 20731454710008
16060 5604125951071620741 227920277 644317251314881663718283141551071318124 1692
140352204711780 2135181162218214652 253119772231392228516384110991103411780 1772
14008 2071228131885920309 260019260147541818714400166691879519796312711925214690
18184 20711201828672110993151622229 573512571 2073145471000816060 56041259510716
20741 227920277 644317251314881663718283141551071318124 1692140352204711780 2135
181162218214652 2531197722313922285164161453918077145872255717636139881002610706
20645 1344166671051819108258311005016384110991103411780 177214008 20712281318859
20309 26001977218851181951446416669187951979631271197641878718192 20711201828704
166601033916691 661620677 569616660 6367191402608812107 6746    0    0    0    0
1160427239228442704918780 694222749139291311510587186681456119204305921658830437
151401450117204 25262018022050120263048813523 597711987 819212116 284811780 2156
17080 2074227322622020837 247122532 187918616    0    0    010595 69371505910008
16060 5604125951071720320 2074227392223415043301441656518284  2601924222528    0
11603 694411780 170816592 2087227862870412131232961666919052    0    0    0    0
10595 284411780 164414560 2080227542870416740178561665318716  261 285211780 1388
14688 2085228771638411603 695011780 170820152 2087227302870412131232961666919052
  2583017311780 226321176    0    0    011611 6944171542870413668 624111780 2604
17160 2071227651641618789110081661830999    0    0    0    0116042741711780 2540
13496 2074227322622020320 2073120903119719640    0    0    0116033151622229 1635
13059 994812538308071862826343167001476018780 694322532 202815195190992069213984
140431801312538287041708413860130991475219740230762178914444    0    0    0    0
11603189742126118519  260 278411780 181519128    0    0    011603107792018026215
13123109072226118604192922730320796270441819526652160832210612984 20822282114698
19780270451870810144  259 57221353910328186282621513316 181817084219901260310716
    0    0    0    0116031084320692303121313115070228051879519788270451870814307
  2601104422317 650218724104321666014626197163063114131 6488175952607512499 5723
13027100751454712320192122653414123 642417592    0    0    0116041091411780 2284
18104 20832272323069  2593018211776    0116031512917412 163414115269771923618850
202203056613603 213515547138501300313916135471410613828 214918212226941617922874
18116 55681660518796  2591507222317163841160423140207803114419788232672278918283
14155107131812322170145313017712067 24582020430630171881443616675227471710724608
167392735621212303711354713981125382870417084138611361922942192121456118432    0
11603 693719460 1640136511923022813 65051979631488165971002715708149121670118921
19764103371613118455  26027041171553068416056    0    0    0116032741922229 5798
14115268501822018854197882326622773164161571519163212122640415640 20821821218790
192761917022532 195514099103291607513977140192608212075 245720188306941719610403
  2592684417628 57911353113916125302870417596179571310714751192121859417920    0
116042698117692 2079161231845817612221181364319167227971873119788311431669118778
18116 150111995 1690135311410814043 822416123225551762022182141552326322532 2156
182682314219764 239618644 976011776    010092 265611780 150421248    0    0    0
100903076116384    012612 284816388 176919224 2085212121228811101 7191 8192    0
131161949023813142471512322430130582267418560 2082238131021515635265271305826770
    0    0    0    0131151948623813145031819614242130582241814464 20782381310343
17684101451305826514    0    0    0    01160327678 9732 222417560 208621293 2471
2029231333222931834814171 674520180222441513214437166992460813115146851871610593
197163063113611 21991554713849135151398014043 9856    0    0100903095317924 1501
21224    0    0    012608    0    0    014124 150312547 623217076 1311 9728    0
14124 1631125463080816584    0    0    0121231865217628 995514627269781923618787
1972426279126102870419228221821261031319  26022628166273043013539 98831253030807
1811622144166273049414051139801253028672110911103411780 177214008 20751764418405
171961872617723311971966817953120263055214032 20811922818786197082646913595 2135
  2583151522528    0115962269217196 24651973218722191962230813587 61051505910008
16060 560412595 822416171228111761930365140352204711776    0116122333311780 2476
19640 20851769218533161711871417611303011352317951120423093619152 20791918018146
135631007513547 2007  2601104622532 239121176    0    0    0115951021416180 6499
1872410591191721808213051 597813539 2007170841795813316 239919220186881663622372
1409910202150671007216056    0    0    0131081507421789 644218780151372278114249
15544 2081227891431316056 2075192282051214012 9664    0    012115310691866014049
14075182691458714427181481827716172 643518212 649518948 1892146111833314340 2268
186761859518436 233919236310791873216416145711410613523 584715540137341106616416
135151385412058311262013229926 8986 187213451 53371045026455    0    0    0    0
110991103411780 177214008 207517644184691770822822177142870417708187251770628704
12131151041657030615  260 970511776    014132 2847222771034716736 20801920228704
17196 55681662022629  2592198811776    014132 6944222851041117248 20821921814417
1600321532 8930100671550721568166522261116523296961662822693    0    0    0    0
110911103411780 177214008 2085191631232016636260481663531063  2583151522532 2213
20776 2071120182870417597 1472    0    014132 284811780 215617080 20772279716416
1503617856    0    0 85862286911780 144511448 2070176041814915148 23371767428704
15147310081766628704171721463019268232682280517856167082320422293137601653221925
  258 968911780 187918616 20881215428672110991058611780 176514008 20751764418469
177082282217714287041770818725177062870412075146561657030615  260 970511776    0
116033106818644 982313035 988412538308071862826279151633113818724 649518948 2021
15139144901608322234150433014416650309361915626470161721046817192    0    0    0
1109110586 8196 176513952 207517644184051719618726177233119719668179531202630552
14032 20811922818786197082646913595 2135  2583106718948 148815488    0    0    0
1160422885 8196 246919584 208517692185331617118714176113030113523179511204230936
19152 20791918018146135631007513547 2007  260 9257 8192    0120991878011780 1893
15032 207716116102761770822886187401469018716227841658822373  259 560011776    0
126202275819252 6499187241059019172181471409118462161552287619672 207517636 6048
181642237414643 6488181073017312515 58511401117984    0    0131232742214075 2135
181082205413316 202816092 156911780 176518216    0    0    0110991058613531 1943
165721386113316 1765140351795011780 240519128 2086192502870412075146561666022949
  2602199311776    0121071059211780 176516584 2086192022870412587269441666023077
    0    0    0    010595 239611780 163714544 2080191702870416684178561665222810
  261 240411780 138114632 20851929220480116031059711780 176519640 20861915428704
12587269441666023077  259 150211780 219920664    0    0    0115951059211780 1765
16584 2086192023061114475 9241 8386 571413448 2072191882051217709 2368    0    0
121082287411780 246914008 207519156 579719752 2074120823113119128    0    0    0
14124 2399186921443616680 208013051 207117092 1600    0    014124 23991869214436
16680 208012027 207317092 5536104901228814124 2847217632673016736 20802176416416
165873024012043 2073    0    0    0    01210714876201882627913635150042226118540
1878023206207882698018716 214415364 21561826819109207802691617680 208013051 2071
17092 1600    0    011099 663112804 253513000    0    0    014124 21431664330816
16648    0    0    010092 2655207403082416712 207116716   32165873024012043 2073
    0    0    0    0100903108118948 150421248 2071141551228810597 26481670628672
10595 2664165782867210597 2840192672460812517 17921657831255    0    0    0    0
10595 2856191392460812517 17921657831255    0    0    0    012116266611821218597
16683228111710726267140271795012034309361915626471177243114619292151362277314186
151792723021508 208515651185231557910008  260 1506125791058919732271092178916384
11603 284811780 164416584 2088227862870412645 28161658914827    0    0    0    0
1311523581 8196 196815488 207724870   321498017408    0    01311611298 8196 2288
18048 207624862   321446813312    0    0 80661058319203 412811556 147216775 2071
    0    0    0    010597 7144238852321421885 7207248773095717756 668818675 1876
14480 20842383718600166113023810986140331293029718 8882 96831243429760    0    0
106051021715163187801815610143176521411613603 2263170833023713539182061509926786
1820422823187641500921752    0    0    010597 693511780 183615699271651967622117
1209031320222291822015708 68202182114956  26022435151231448918620260881261910844
2021222400    0    013116 252313316 208418640 208020267 822415092101121658710138
  260 989513312    0126111890813316 189515056 20742023631014192361859316900 2151
182281872317676 412815116 6244166832697318652 578613316 214518180183401513114426
    0    0    0    0131161885320268146301772331197196842224214075182051407510394
18652223361663630565146111839714587 8192126111890813316 189515056 20742023631014
1924426790161711871517107 985616652309501873222693161631865117104    0    0    0
126031890813316 189515056 208118187287041362818916182042870415116 62081659510522
1867613952    0    0125951890813316 189515056 2081181872870413628189161820428704
15116 62081659510202    0    0    0    01313218853202681463017723311971968422242
1407518205140751039418648 20792020422306145872230313316 220218140182401667531002
  2602250113316 220720216    0    0    0126191890813316 189515056 208420259 8224
19260221441659630695  2601072719972 188918696 207413563 82241762030336    0    0
14636 252813316 215117104 207820252287041557213952    0    013620 66251510714298
  2601072215115142981557118139150752646114560 20792026028672126111890813316 1895
15056 20852020328704161401804816644 6490  2591071919972 221520280 207413563 8224
1762030336    0    0131072300513316 195915568 20752022828704140362218115651 8192
121151481113316 182816592 2076202272051219260 16641668431066  2602711013316 1639
14648 2085202922870413011221441666710778    0    0    0    0126111890813316 1893
18640 2077202591641618748180481659630567  2601072619972 169015568    0    0    0
131233119719684222421407518205140751039418652223101618010597187401071919972 2023
15147185881610718394  260 989214635310741873210688    0    0126031890813316 1895
15056 20742023631014192362275617164 1888  260 6627197481872318188 61441659510202
    0    0    0    0131233119719684222421407518205140751039418652223101618010597
187401071919972 202315147185881610718394  260 9892146353107418732106881662714237
16116 605015131 2327191322611216659227461862821952    0    0126111890813316 1895
15056 20742023631014192362275617164 1888  260 6627197481872318188 61441659510202
  260 61781615514618191562630416652 22711865222144    0    013124187892026814629
18228 66232020426405146192268717172 233519184 2076186681430617676184691617118715
17620 169414059182061454722272    0    013124 252813316 215117104 20762018814055
197722685319972 194618128    0    0    01261918908150831429817620181491514828704
151632236614075 822413627311681666831207    0    0    0    0131151481613316 1831
16616 208520227 822413115270721666031207    0    0    0    0121071071713316 1767
15088 208020203 822416700139521665230942  2602710713316 157515160 20842029228672
131231891613316 189519152 208520195 822413627311681666031207  259 988713316 2202
20176    0    0    0136271891216643 822415164 6144166843081617104 20742022028704
17724311681662710458    0    0    0    0136281890813316 240715056 20772019614119
19256 2076136111059018640    0    0    01362731197196841411015067303701360314686
192281885020220287041618727037181552652316080 20821359514622187161475419968    0
136272691320235 822416692 16641661910522    0    0    0    013627228771866018213
151553120220260269801870810335166193049314544 2082202522691618196103041661114172
15588 5860141231641615588 57961361118781    0    0    0    013627228771866018213
1515531202202602698018708103041666030950187241449816900 208117676184691565922811
17619303651405118205150832227216660 6368186761827514099 819213628 649713316 2215
17616 20822018727038  2593037213312    0136272300416900 189518744 20771972426919
  259185251766014499187082256515139144901608322236145632236515072 20821820410528
186681405013312    0136281878818732187891874010720202122646914611182691407510394
186522237316164 630616147184321664430629151232236614075 822417620140521513930945
17680    0    0    0136271890817924 23411662726240166843088116080 20761918830759
18216 207619188266621822018752    0    01362731197196841827416140103401770818726
17723311681663630630151392678316900 22091819618723197322870416139225561558722363
16084 98921412322878186921030416636 6048150912236614075 822417620140521513926848
17672    0    0    0136272230115075223001506730369135951462019196228201973230695
151551871617644 2015176602259216651104601868418723197322870416187270371866810144
16120    0    0    012108 246413316 169619712    0    0    0121071027816384    0
14124 259217412 189518200 20832020412288131242729111264    014124150092073222434
1560330433125702460817220 2463176592665017088    0    0    014123231992074822690
17652 5855125222460816196 2465176752665016064    0    0    0131233139111268 2218
17584 20851974826917192442294720212305021462722692161712460814627227561668326972
18652 9887135471410814571223651456316384121071040617412 169419696    0    0    0
13616    0    0    014628 5856135631436417116 572711776    014628 18231408310331
16608    0    0    0136353094217652 5985151233094618212 642719156262401666014561
181402214416668 207915603223651406710330176281414416643306211557930336    0    0
126031890813316 189515056 207716628102751769218597166832281117620 16941405920512
1769214500166752274717616 20742020428672136201853117180 233618700144971817214178
1459518269140751033018140181761663614242151072236614075 8192136441891613316 2407
19152 208416668103391615522684166112236316084 5795141152051216155267811661922427
16080 208220268287041864430336    0    0136192250016164 2274171793094117636 1821
15067303691359514620  2601430717164123201615526781166192242716080    0    0    0
1361210723197402282118740107202021222426  260 252719195 822414620 63361661110330
    0    0    0    01362730941171313068517132143071716414307  259309421713930685
  260 598616148 6243  260104031821212320156032236513555 629718624 20771406710394
186361789011506263911453926240    0    0126191890813316 189515056 20771662810275
176921859716683 8224176921450016675 822413627229761659510202  260 989513312    0
14636 2528197242672716696 208018179 822417180 57601662814435  2592627513312    0
14636 6625197322679117208 208118187 2070  26010466125462651815035220461253030551
  2593094617920    0126111890813316 189515056 2085181552051216636180481665131066
  2591071719972 221120248 207413563 82241762030336    0    014636 252813316 2151
17104 207820236287041557213952    0    010603 226413316 163513008 20731659610019
15644 220916651 8224156433088016643 82241715610404182281488221253 57601669214818
20741 16641656413923  2582626713316 194618128 208613659 8192126191865213316 1891
15056 20771662810275176921859716683 8224176921450016675 822413595227201659510202
  260 989513312    0136273094117636 18211506730370136031468519204185941817212320
1615526781166192242716080 20821359514621186921449817920    0126031865211268 1891
15024 207716628102751769218597166832281117620 1694140592051217692145001667522747
17616 207418156123201349130080    0    0131161456311268 233918608 20831666010275
1564318587166032229915572 169814107205121564322684166112236315568 20811157024576
131072274913316 195515568 20781663610339182041859617180 637018704 20751816412320
14036 1664    0    0136281046717692 643318708104631815610080161241014814852 1889
161321021215651144901608322237145791833116080    0    0    013611271021459510394
1814014080166363068416592 2076181961228812619186521508314298171081405214852 1891
150832633513316 233918640 208518219 822413595227201666014691  2601808713312    0
131151865613316 189116608 208418179 822413595309121666014755    0    0    0    0
121071046113316 176315080 208018155 822416668139521665214557  2602685113316 1571
15128 20841824412288131151865913316 189118640 208418147 822413595309121666014755
  259 988613316 213819664    0    0    0131151865613316 189116608 20841817910135
145151372211987 175214011 96641659614307  2601047017920    0136201455613316 2339
15056 207718148 592318712 2076136031052418128    0    0    014628 227117668 6242
16664 2080145871436217116 1792    0    014628 227117668 624216664 20811408310203
16612 5857130502867214628 2527197153082216696 2080197161232016611304321357914364
    0    0    0    01362718717186681411514627229432024431014192362275617164 2079
16628 60161666031013187081443316388 207516596 57931408312288126111469313828 2405
14040    0    0    014628 2143166433081616648    0    0    012108 24631920418533
16688 207416692   3216611304321357914364    0    0    0    0121071053418436 1696
19712 20741464316384126122293916683 8192126111475716603 819212612230031821928704
14068224001660310586    0    0    0    01261114821181392870414068224001660310586
    0    0    0    0131161840317676143071512318523160912229915572 16981410718718
19212228201973230695156673113619972 2019151151839614579 8224165961001915652 6436
1822810688    0    0126111072013316 176716608 208620227 822413628270721661226982
    0    0    0    0141232729411268 202616048 207821789 82241554013696    0    0
14124 681711268 221817584 207721781 822415028 9600    0    011082309381817912320
13084 16641671718458    0    0    0    0121082723820797 253719796191062074826659
161072620511780 228117724 6368150991013614515 962511979 168813496    0    0    0
11605 2087156592281317652 6111176521411614115 636017092 163014059182701561130818
1769218725187481488120736    0    0    0126122709813316 189515667269091814013988
1361914813202362691819768 208315635226831813222182141312287818160    0    0    0
14124 239614340 208518656 20781614728672141232287714340 1893171961462717676 4128
15116 6243166672262015072    0    0    01413218722192042243615123224941510718588
18664    0    0    0141232287714340 1893166841053117691308771661122272    0    0
141232287714340 189318216 207717164 41281507614080    0    0141152287714340 1893
18216 207717164 40961413218722192042243615123224941510718588186681843216652 2336
    0    0    0    0141232287714340 227718144 207717180 409615636 240014336    0
14620 649715619183321509122464    0    0141232287714340 227715096 20791717916384
141152287714340 188418144    0    0    0136191878014340 182916608 20841920316416
1873218176    0    0141232287714340 189318144 2083192271638414132 23981866810079
15596 1825146192281518708146251920420480141232287714340 1893171961462717164 1888
    0    0    0    014132 2398186681007915596 1825146192281518708146251920420512
1714018112    0    0141232287714340 1893171961462717164 1888  260 208314336    0
1412414625191962237215131267861666730941171233049314848    014124 240014340 1829
18728    0    0    01413122877161152255617124141801616420480141231878414340 2341
16608    0    0    0136191878214340 208515584 2080192191641618732 9984    0    0
141232288314340 227715072    0    0    01412318784171551641618732 2112    0    0
141241468514340 189318216 2077146191638414124 2398186681007915596 18261513130946
17700 2368    0    0141232684819203163841412322815192122275618196102691461916384
1412322815192122275618196 620816644 624118180141771458718269    0    0    0    0
14124 649714340 21491458818368    0    01412326973171481027417676143061510718396
15080 20781922020480141241059219188182741509926464146112275117676 22061713128672
141241468714340 189318216    0    0    01412331069186681020917164144991870022501
  259308131661922492171241417916652 40961412414498166433062415123269121922018658
1817210080145791638413620 233614340 182418688    0    0    0136191846816384    0
14124 227214852 189018160 20831764324576141241884413824    015140106561868410207
16620 9920    0    0146192704018700103351661926304    0    014124146251919622372
15123308181666730941171233049314852 208616600    0    0    0136191859617412 1822
18672    0    0    014624    0    0    015644 5920145952262117116 1600    0    0
15644 1888146031852516616    0    0    01010022820197323069515155187791762730493
15588 592315139287041618722876176353055715584 2085202593100519685 183415708 6883
21813 66952180514508162271916221701 151011546266471504313977145313017812075 2521
20688 2086202673106919680    0    0    01261214946207643101618764150732278118283
14667189091919614624  2592288217700 2398191721808212292 195614611143631558718330
18104 207614603 63591860417635 8970 20001498717628104742242015000    0    0    0
12612 284721765 215416736 208022786   321665130624 845926657  259105881867622310
13608 2074192522051217708187261923626789    0    0    0    012612 284721765 2154
16736 208022787246081665930753145951020417156 21761664326640  260 1311 9474 2130
16544 2074191721834114643105601659622949  26010596187402282217704 20741200226519
14531 96641659431127  260 9700115703100017592    0    0    0100993151622221 5606
1154626647150511000816060 97011261110909222771457019781 650717763314881664414306
16140 208116660 630617180 2240166441027317164 630417408    012116 284522237 5798
136111449316643308151869226791192602704918780 694422532 207916568 20811613828704
1455622208    0    0 95872741922213 5542110342248614531 584715540 963712099 6812
222691457019781 650717763273921664518454  2582263516896    0111232697118636 9759
12531 585113043 200817612181491565931010176993107018948 279519293 681918436 2795
223171085217924 273018720    0    0    0 65611848416384    0 9586 939023552    0
16644 3360 6144    0 958611182 9216    0 95861028616384    0105941802819968    0
13115 541522528    016644 2976 9216    013115 695110240    0105941892412800    0
13115 618316384    0141231405318944    016644 252812800    0141231469313824    0
13115311961966818017130511001213563 6233186442640716188 656418740 662319968    0
1361910650136191066213616    0    0    013116 25851465118472    0    0    0    0
13620 2714166422704016720    0    0    015644 220817164 624216656 20801510718524
17132 1856    0    015644 220817164 624216656 2081145951846117132 585612800    0
15644 240016388 214917152 2080151071852417132 1856    0    014635269121921222756
18196 214416652 214518192 2080151071852417132 1856    0    0141232275514852 2275
15080    0    0    015644 214416652 214516648    0    0    013619187171713130492
  260187231717931004  259187191818814628  259182071511522812    0    0    0    0
131152358111780 228818104    0    0    010596 310411780 149521176    0    0    0
10597 7191121062867210092 2655207403082416712 207112979 1495124823027216715 6680
21181 976912800    012612 2654181161417514028 1893130833126717692 2624    0    0
 95861028616388 118416512 209416642    012107 284811780 260416568 20722285316384
14124 6816212443069316668 630316651266531609130304120422457614123313922126030821
1666730881166352665317116 5728120262457616172  54320736 203116388   3117920 2048
16244   3132508122881638731584  256 2016    4   32 4358 205216452   3116384    0
16268  992 58921844216676  60818177 617816468 2144 5892 615616660  8001868914374
16460 2528 38443072516692  224186881027416396 2016  259 204716451327352073526591
1636330464  256 205816668  672176651437016476 2272 53801228816388   3212544 2024
    4   32 17961843416652   9612544 6136163873126332508 614216115326071459114298
163313030328411 6133160833203114590183981629930687278993071116115322231510226588
1629930464  256 20371611532095151022658916307306232738724576    0    0    0    0
11100 2082151311877920189 5930151953145721789 6439192442275617691264611455513915
120022645316044 553912067 6491191801833916640    0    0    0131153151722245 5927
1514731009187162282318764150732278116384121071922811780 190015032 20732285318982
20320 2073120342867211604 284011780 209220664 2080213062870412996302081657831255
    0    0    0    0110993151622229 573512571 2073145471000816060 56041259510716
20741 227920277 644317251314881663718283141551071318124 1692140352204711780 2135
181162218214652 25311977223139222851641615147224001666822750  2592269117412 1889
18184    0    0    011604 284111780 209220152 2080212982870411963219521666631319
    0    0    0    011099 700020484 260520288 2077186592870418724142721658713846
  261 176711268 164320312 207321821 8224151241446416620 6369  259 573512804 1624
20160    0    0    010595 693711780 170813496 2086228342870420324301441656519116
  2582607711780 226321688    0    0    011611 6944176022870412643308481658118924
207882739216587 2456  259 15111209922935    0    0    0    012115 66172120514060
15203273592125222551  259 67472225314313  261 2536213091476418788150742126022615
  261 26622230914505  2592198811776    011612 284811780 215617080 20782018826277
13083 61701557922428181482647115684 25952026827043202122870415675188431915613984
140671827014340 22681918026535167001475719252147841662118732  2592198811776    0
11108 284811780 215617080 207119140262771409118397156112051212595 64901711530494
1610810085156673120120781 6528166592281419196267271927627301  2592333222532 1879
18616    0    0    011099 1689120103042713051 220019661 5867157161104522333 6694
2075630693141063119120688 207514035262101310710844222611641617764191742130827106
197002220816587 1816  2601795912288    016060 265531493 613516707319682022126661
16204 220719203306891660330624120271435416076  86312545 6103164113017531483 2039
16075319671407726590162033081519196224971620330623238031432316075322231254322487
1641130176 4859 206116076 118314082306861660330816161242256216204 23992381230707
1670732224212472256916412 2592 48683073316684 1184176663075116604 17601613030754
16532 2400 69163072916708  2242124722569    0    0    0    0146273100518148 5919
150833049714619228151870014561186841638410605 6440182521091521797 65041926018850
186601398512538304231248230359150433062716684 6625212531425214683149392019618337
1813222056121063138421704 207511979 156212523 610716900 176714636180861261028672
10597 2593207163043813091 2136160751813815052 567212288    010595 25841709922171
145393024112579 655520205 215220480    010595 2591207643107820261 21521618718778
181233023212288    016316  608 33323072316652   32135672664516364 11193097718427
164193247930975184201636331711319971433616180  2231612826585    4   32 1796 6145
1661132736115192664216364  7993097618428163553260726879266061637931392  76418435
16120    0    0    016316  607299563071716652   32135681026116412 1120 230518437
16420  35130976184201641131712 12771433616179326071612710201    4   3131492 6143
16612   96115201025816412  800 23041843616356  223268801022216395313913250818429
16120    0    0    010595 156016076139891465131265207723114120253 202412288    0
10597 2593207163043813091 2136160751813815052 567212292 156818688    0    0    0
10605 586314123186541665930941186521801912555 2009150671826816108 19551770818917
21288    0    0    0105943055116068 98911461926786161632703820733 62081657130241
1358718590171712690919693 19611722812288111073106818644 982412523 16891251430615
16580140531567610789  2593106918652 988813035 5786125142870416172 64991872410650
20165 1472166522269218196221821261031319    0    0    0    0110921103922253 5861
13587 604012474   3217764 2782212202224213555 5656 8196 222018788273672182031141
192361046217924 234819796271091923618595  2592685017700 239819164180191254630615
145311391414340 19551717214372156511455317604 1472    0    011602308731865222373
16164 2273166511845614976 2072181321834016664 208819260106561709925884 8196 2533
197322256112800    012116187221920422372140911013814043 591215548 15071258714750
19724227532074110284172601520522845 82241668326908171152633014528 208012051 2331
19188226921870830825172441104422845 81921210826788187082243714627185901665128704
156592281317660 2143  260 61081557118074140192608112059 2394  260 61091557918138
1453126048    0    012108110402226910217167081482420293 240717195268431659522171
140272608111026144811702729726 8708 22781615518459150671410515544    0    0    0
110982671118124223091513922684155702870414123187161762726199  259183341766818597
187322691918236 245918048 2084192521475219164 9216    0    010586226141811622245
1462718587150671000815032 2074191641814613547 98831252230679170921398915156 2533
2030027364228051847416708 649917708 2590  260 5667141152288019756272372230916384
13620 2398155951007215548 56031309112320171953062213555 2007    0    0    0    0
116031877611780 189312984 20861926018980202682288318684 188714072 20771612326712
17592 207716115266481708413797126031228811603 6939227651425016196221821260228704
1417923198207711058420157 14721664422039  260 239311776    01058714677 8196 1829
11392 2075176191807314523260801256310525  2602697913595 232720157 573813828 2533
186441795711776    0116031877811780 1893145871397811780 253319724182401670823010
197161827414075 597613496 2073191802048012100110402226910217167081482219972 2279
161792287618148 60471714018304166683075815659227491714730814  260 60451506718074
135071782510514144811651525600166512652514563139791252226708    0    0    0    0
12108 239718652 579013531139161253030743181162224615668 6499187241059218948 2085
15651185231557910008  260 150612579146861922018688    0    0110992690611780 1956
14008 20841872228704187242195216572 982814637 646416572 982714629 6400    0    0
115951001113027 194316572138611413127041192281872219204223721409110134 8196 2071
17604181491566010532  260 239818660 585411904    0    0    011613 64951917218081
13043 585013019 187916060 97641412326977187161462518948 2021151391442615571 9944
  25930177125711462218708145921666819044    0    0    0    011604 643011780 2148
16056 2072176201827720776 2072176201418020768    0    0    011602308081813222373
156512678014563 6039  2591878118668 99481402717950120263087218644264711721222949
20248    0    0    0110992281118124 566212507 57221251430679176042218315172 2595
1975618786181793061813952 207214035 591216068 9829141392051220764269161870810271
1556317408    0    012107 649119180183381807617509 8196 1765146272269010010 6480
20096 2088192601468813995 5272 8192    01058815133 8196 234814464 20691707613861
1412318716176272223415044 15701309918911  2591058718652 988513523138531203430872
1864426471162042048010587105241866022180125543061514019 162314011220471408324608
11995 162512507 188116088 207915611143601708413797126031487820748310141925218916
  2593043213067 22641914830400    0    0 5555280572731013489 80492324320052 8862
 583321839 9361300291289125250 54331505323678 529911179 758227926230272241327569
224283209827894245761563530878171393068617140102101716410210    0    0    0    0
1009226793166912460818221 208313828 150420736    0    0    012611270402126824608
14108 259717924 208816568    0    0    01009110391165952460815147 207713828 1568
21248    0    0    0126112627212051 822414060 157314852 208916576    0    0    0
14124 2719222771853917228 252719456    014124 694422269 611916692 662420480    0
14124 2721222771841116204 252919456    0141233152022285 6247166913120020480    0
14628 284718948 215616168    0    0    0126111922718948 190014120 20842281220512
1930014656    0    011612 6938 8196 254016512 207417220 41281302030400    0    0
121162743011780 164419808 207817716 82241298826048    0    01311523581 8196 2288
18048    0    0    014628 3104 8192    016316  6073046830715163873247912800 2048
16356 252730976 204416072   32  2551437516436 2496  256 204316076  41512800    0
16316  608 23083072416388  28712800 204816428 2528 2816 205316072   32  25510279
16428 2496  256 204216076  35112800    0100923132111780 150721272 20711517920480
10597 7144238852321421885 7207248773095717756 668818675 187614480 20842383718600
166113023810986140331293029718 8882 96831243429760166363050213603 62331608318202
16076 5732136191891120236269161972430695    0    0    0    010596 259211780 1568
20736 2072120982867210596 259211780 157620800 207216708    0131072300513316 1959
15568 2075202683107518744 207513571 819213116 252213316 208519152 208020275 8224
14044181121659510650    0    0    0    01312331197196842224214075182051407510394
18652223101618010597187401071919972 202315147185881610718394  260 98921463531074
18732106881663614302  2601046615364 201717672 207916660    013116 252313316 2084
18640 208020267 822413011262401665910714    0    0    0    0126111487418948 2472
19240 2078176432870418196101761660318073  2602640512804 176719256 20751975624608
156281030416628 2208  2591405313828 175419152    0    0    0126191890813316 1895
15056 208420259 822419260221441659631207  259 988713316 220220176    0    0    0
131311481616900 18311716313952166043107919740188801661114683  259139891361926906
    0    0    0    01312314556196923063116180 227213316 246719252189152024426723
17104 20751814822374156673107217924 246719244188511973222627  2592627513312    0
13124 252813316 215117104 207918660140491408318335151232287819716267251819618404
  2593100518148 5920150913052816659228141920422628181961641615676147841662710458
    0    0    0    012620 252813316 215117104 2074176281411515099305281665922815
192282685517412 17631459522431151232281419204268161662830951  2592627513312    0
131231410813563 995214107187811970830887187402288618228 220219156263681661922304
146192287919972 22151873222757166752051214555263041666714683    0    0    0    0
 807527738247733006110074 667219580 9182 8402 565110922138411344325570 7986 2577
2217321871126751135825366 24792084515085208602768225334 409614124232042229318412
15195190992070026404151321430815659187781862813793115062639114016    0    0    0
126203088617716 66252024426853182121046217636 585513547 9947135391013916108 2082
17188 656020212305661513926723141231065020184 2077135311814215104 20771867610523
19152    0    0    0126122287919180182111409114300150831839519160    0    0    0
1261114683160992236416092 5859146272287919240    0    0    012611146891922818723
1921222500151311852314040    0    0    016316  608 23083072016651326721510322552
16364 1311320013072016476  288 2560 204816404 2336  260 204716619326721254326644
16380  992  2571843416448   32  2561843716380   32 23031228816388  28730464 2037
16371318393148518429161953267118176 20151641930272  256 205016324   312687930705
163713151931997 204716156   311664010204    0    0    0    016316  6073098030720
16652  160151041436016412 1312 1281307201647532544 2560 204816372 2336  260 2049
16620  160125441026016396  992  2571843016448   32  2551843716396   313097512288
163873254330464 20371640331840 17891843516196  15918176 20151635530272  256 2046
16324   3126880 61291640331520 1277 204916156   311663926588    0    0    0    0
1261114043171241418016172 6499187241468919160    0    0    012612228791918018211
1409114300150831839519160 207516668    01159630565151312678316659309411866018083
13067 6170155872236516116 2018176921469220256    0    0    012611101381660410082
181722250216388 16961409122627156592704019728    0    0    0131313094117636 5855
14059181421356310331181562256617924 201915115183961508314234  259309451820410587
19664 208118196105231966830336    0    013108 2526191801404512976 20791970018206
13488 20802024431014187241449616900 2215182281462617668 412816652102751564318587
1659530365140512460816652 61781563518458    0    0    0    013115103321816414370
17148 579211268 1697146112678417163287041922818465135622457613116 63671815610017
14075141721406710266176281411615652 2274166753113520229 221618236187521663614177
145871820613316 20741763614243171641232016180 2530202602048013620185941817214178
151152665615876 2019156352672015876 20791509118268140671033018136 20801611526461
1506726240    0    013612 252719708226281872418785186761417814595183331457914362
17100 56001150626455  260 64311816410080150912640013312    012091 20731762014115
151232261913316 1763146111852213316 188915636 2274182121052817072 20821820410464
16560    0    0    012091 20091710810018151152230213316 176214603182691406710202
171161001915652 643618228107202022026596166601437315876 201017124101471718018599
    0    0    0    014636 22701457914298171081405214852 2147160993043213312    0
131152274613316 195514032 20831821210594187161046417132   3215107265921409910523
19176 2077166353081117616    0    0    013619107162021226970  2591890919747 8224
16659139521664410010    0    0    0    0131232274511268 195513488 20761507514170
16084 585814340 233917636 9955136111065120200 2085182031865118640    0    0    0
126031865113316 1891145711395216676 23391922818466150991410614032 20741815612288
14132 2527197082262818720 2082186841424215620 201915876 221216667308791664328704
1714726525150831429817100 97621204226582  260 6111156032242716080    0    0    0
131073094117636 5855140591814213571103951814818340166681033916152 207918156 5919
14563262401664310396181641443317920    0120992677913316 195414544 208217675 8224
17684 985616588 585919736 20731711610658    0    0    0    012596 63671815610017
14075 1408166361417714587 5504166521456218692183391461114362155711813914852 2147
181881424214595 81921313230943181561001714075141721406710266176281411615652 2274
20240 207918156 591914563262401664310396181641443317920    013124 630313316 2146
16592 20751713214755  2591442917716 819212595 6170176281417915635266531508314234
  2591865317644 182114555262711357914557186921865918212 819213123226841711530429
145552627213595146851971626789182041449817156 188511268 175714563263361410718782
19712 2086171961046617152 20801509910134    0    0    0    013107145561816410327
17584 207618156102631758813696166761449614539 9600    0    0121081071911268 2279
15536 207216588 9891146192268514579144271814822400166041411414579222381357910459
191882666317920    01261118590176521411414091102021506714106155713043215116   32
1354718142140832051216644 176113595105881970026661177001462619216 20801511514555
19168    0    0    0110992735521701 1445110262242214019 175015532 957311587 2715
222611450619269 24101775527328    0    01109830422145072595311546310011916422372
156441008314635148112122110091162201091621288    0    0    0121081046717716 2270
17640 208317708 2270  2591027716384    014124 240013316 189015644 246618204 8224
15644 240217920    0121072684517620 188615592 207717628 1886  2591437416384    0
14124 246413828 188615596 1698151312460815596 176214848    014628 65601919626663
17204 643117408    014628 6623191961437017180 233517920    014627311361921226663
161793100917408    01462731201192121437016156 233717920    015140 252817412 2151
16656    0    0    0136192300517412 195915120 208320252 82241874814464    0    0
13116 252411268 234316560 207617196 41281405218176    0    0136281891613316 1831
18744 207917188 41281454818048    0    0141232729411268 221817584    0    0    0
15132 272011264    016316  608 2308184331665132736156152255416356 13753097730717
1645932672 2816 61381640332160 1790 205116220  15919712 61151637930656  256 2049
1665132736151032665016364 137531490 20461646732736 3328102351641132224 2302 6148
16220  22319712 611416379306873097116384    0    0    0    016316  6073098018431
16652   96156161436216420 1376 23053072316460  160 281530714163713215931486 2045
162193267119711306911639530656  256 204716652   96151041026616412 1376 1794 2050
16468   96 332726619163633222330974 6140162193260719711306901639530688 229916384
    0    0    0    0121082293913316 169819728 20741566724576121082723820797 2537
19796191062074826659161072620511780 228117724 6368150991013614515 962511979 1688
13496 207918668141131458722367146031865318684185311818818404    0    0    0    0
12612 240013316 176019200 207513611 819212612 240013316 176519240 207516684    0
141152287714340 189318216    0    0    014124 239614340 208518656 20761462716384
14132 2398186681007915596 1825146192281518708146251920420512161401024016660 6112
    0    0    0    014124 239614340 208518656    0    0    0141232288318948 1953
17664 208217140   321507614080    0    0141232287714340 227718144 20771922820480
1412322880171311641615148146561661918652    0    0    0    014123186521866822437
16164 220814340 233918724146901921218466    0    0    0    013620 240014340 1955
14611183981563526911187081046217920    013620 240014340 182715123224951562726847
1819618624    0    0141312230314572 189015652 24011922818722186921002014336    0
13115311961966818017130511001213563 6233186442640716188 656418740 662319968    0
11603 693711780 1452213473088912292 258821197 96641670718969  2602212012804 2393
20677 9664    0    0146273100518148 59191508330497146192281518700145611868416416
15115224641662810142  2593094314852 208316616 20811818720512176841011216668 6367
    0    0    0    01462718716146271872414624 2077181552051215643264321663614301
  260 227214852 214717128 208218195205121820414144    0    014124 24591514722566
  260 226915364 208318160 2080166352460816644 6016    0    013595102751410822176
  2592256214852 188817688 208016659287041664410304    0    0131161538816666    0
131152358816618    014124 17011814014362  260 189117412 207715120 208016652 8224
1664330848    0    015156266531917914752  2601436617924 227215592 208016628 4128
1664326560    0    013620 246014132 989018652 243216644 2086  260 207417412 2080
14552 208016675123201664426752    0    016700 252812804 208720260 21121665222820
17176    0    0    0126201449718172142411561930625156432870418204143081566727104
20236269161972430759151551461817108 175715068 1697136031228813620106571972422693
17716 66232021226532161481027515876 195616156103391615522619  259308771661926524
17108 9792166192652517116 9826120422658215547261431253830615    0    0    0    0
13620 2527197162263016696 208019204 412816651306881460330753  260 182411268 1955
151391865317652144991821218659176841228813620 2401197163069416684 21431665122556
  260 2145166352255616579301761153030744  25926845186601417815644104671872414562
17688 207813547141061505126274135951461818124 9856    0    011603311961966818017
130511001213563 6233186442640716188 656418740 662319972 208116132 201716644 4096
13628 2526196921827515628 208116668 64351872414753202282870416644 166416652 2138
  2592237214848    011603311961966818017130511001213563 6233186442640716188 6564
18740 662319972 208716584 207316700    012604 207817132 585613555100751405910138
16604 598515620   3219244 2048166442288519200 20801923618784    0    0    0    0
141242256517188145641719531069186601404914080    0    0    011101143791774823080
192841097422237 9768115622267716384    01412314363160992236416092 58591462722879
19200    0    0    0136191039616635308151869226752    0    016668 189015644 2210
16664    0    0    016676 208317700187261823610688    0    014596 20771763618214
1516327072    0    011012 278222237 9768115622267716384    011010225491553913848
140032595210752    016732 13781105027160217251425116384    016733143791774823080
192841097622016    0 95861045317099306221765230699172681228815644152652226830626
156033030511034 81921512323455222843088217652 572710986 8192 95861006916076 6050
1768430827162432048014124 252719180 9952  260 25291922810592    0    0    0    0
1412331069186601404914075182691458714427181481827716172 643518212 649518944    0
1311615456248213050913651 6553165952229916084 57961413123008  259 62981917230696
172201891819260107161965217762 998610065    0    0    0    0116033151622229 1635
13059 994812538308071862826343167001476018780 694322528    011603189742126118519
    0    0    0    0116031071420701100271571611044223171066419764228191709831191
    0    0    0    0116031514222788186601922826791161872293818628 559811995 1689
13016    0    0    0116041512915683246081827613760    0    011604233232274014052
15660 650018740107192020426276125543061514019 981713824    011604272372229318476
1519514874181312633015044 150512067 24582020430630171881443616675227471710724576
116043151711780 164420320    0    0    0116032741922229 579914123269151822010657
202203050213603 2135160591794613515180151357914493181961878919772272372229318348
    0    0    0    0116042698117692 20791612318458176122211813643191672278918667
19276269821668314552165712607512499 819214132 246213828 227817112 207717700 8224
1510018368    0    0 9586100661829215261    0    0    0    012612 296816388 2094
20736    0    0    015636 246413824    01311611295232851015216172103681664526603
16188 2304166601020817648 208215611142321553929922 8196 20761607530048 9216    0
131152768123317104081719526752166452673117212 2304166281033615600 20781562714488
17588 5342 8196 207617100 5472 9216    0 7986 616516642 822411004 10881654730736
  26028192 8192    010597 7144238852321421885 7207248773095717756 668818675 1876
14480 20842383718600166113023810986140331293029718 8882 96831243429760    0    0
 95861028616388 156120680 2078 9490 8192 95861026416388 188818176 208816756    0
    0    0    0    0    0    0    0    0    0    0    0    0    0    0    0    0
    0    0    0    0    0    0    0    0    0    0    0    0    0    0    0    0
