   -7.01777E-02   -8.59886E-02    7.31728E-02    9.76625E-02   -1.00510E-01
    2.43706E-02   0.107265    3.12591E-02   -6.11776E-02  -0.106923  -0.107494
   -8.13381E-02   -4.44086E-02   -6.55279E-03    2.72680E-02    5.51303E-02
    7.67567E-02    9.26549E-02    1.03635E-01   0.110563   0.114243   0.115373
   0.114538   0.112213   0.108779    1.04539E-01    9.97299E-02    9.45371E-02
    8.91040E-02    8.35412E-02    7.79330E-02    7.23432E-02    6.68195E-02
    6.13967E-02    5.61007E-02    5.09491E-02    4.59534E-02    4.11213E-02
    3.64561E-02    3.19596E-02
    8.59779E-02   0.107265   -4.10703E-02  -0.126878   0.132364   -9.11725E-02
  -0.113982    2.79115E-02   0.128788   0.146035   0.108354    4.89419E-02
   -1.13303E-02   -6.26245E-02   -1.01804E-01  -0.129094  -0.146110  -0.154842
  -0.157187  -0.154775  -0.148929  -0.140687  -0.130845  -0.120004  -0.108610
   -9.69889E-02   -8.53783E-02   -7.39447E-02   -6.28042E-02   -5.20345E-02
   -4.16840E-02   -3.17806E-02   -2.23371E-02   -1.33556E-02   -4.82906E-03
    3.25331E-03    1.09070E-02    1.81500E-02    2.50003E-02    3.14780E-02
    2.40678E-02    2.34655E-02    1.00994E-01   -2.58470E-02    2.70714E-02
  -0.148929    4.33938E-02   0.164412   0.131304    3.13969E-02   -6.64597E-02
  -0.135050  -0.171210  -0.180995  -0.172266  -0.151877  -0.124987   -9.51793E-02
   -6.47996E-02   -3.53031E-02   -7.53252E-03    1.80771E-02    4.13526E-02
    6.22837E-02    8.09579E-02    9.75165E-02   0.112126   0.124964   0.136203
   0.146008   0.154535   0.161925   0.168305   0.173790   0.178483   0.182476
   0.185850   0.188677   0.191020   0.192937
    3.06729E-02    4.78878E-02  -0.139825   -6.26245E-02    6.65429E-02    1.01052E-01
  -0.135050  -0.167613   -5.32931E-02    7.56923E-02   0.160968   0.195682
   0.191779   0.163731   0.123120    7.78309E-02    3.27175E-02   -9.50240E-03
   -4.74975E-02   -8.07853E-02  -0.109376  -0.133546  -0.153698  -0.170279
  -0.183735  -0.194486  -0.202912  -0.209352  -0.214104  -0.217424  -0.219536
  -0.220629  -0.220868  -0.220390  -0.219316  -0.217744  -0.215762  -0.213443
  -0.210847  -0.208028
    4.95429E-02    5.91476E-02    7.84512E-02   -7.39447E-02    7.95923E-02
  -0.180995   -7.53252E-03   0.171696   0.186199    9.81670E-02   -1.42070E-02
  -0.109376  -0.174155  -0.209352  -0.220787  -0.215023  -0.197747  -0.173361
  -0.145067  -0.115092   -8.49305E-02   -5.55443E-02   -2.75231E-02   -1.19886E-03
    2.32700E-02    4.58401E-02    6.65407E-02    8.54469E-02    1.02660E-01
   0.118295   0.132470   0.145304   0.156912   0.167402   0.176875   0.185424
   0.193135   0.200087   0.206350   0.211991
   -7.70132E-02  -0.108073   0.131744   0.140961  -0.151297   -7.53252E-03
   0.195682   0.110981   -6.08649E-02  -0.180076  -0.220533  -0.201893  -0.150117
   -8.49305E-02   -1.85491E-02    4.24908E-02    9.52878E-02   0.139048   0.174094
   0.201275   0.221629   0.236206   0.245978   0.251807   0.254433   0.254481
   0.252472   0.248839   0.243933   0.238046   0.231414   0.224227   0.216642
   0.208784   0.200755   0.192635   0.184490   0.176371   0.168319   0.160365
   -8.64540E-02  -0.113363    1.21698E-03   0.147857  -0.160236   0.166283
   0.119724   -9.93755E-02  -0.213771  -0.199929  -0.116213   -1.36095E-02
    7.98771E-02   0.153172   0.204443   0.235980   0.251440   0.254539   0.248531
   0.236065   0.219206   0.199523   0.178181   0.156029   0.133677   0.111557
    8.99637E-02    6.90921E-02    4.90660E-02    2.99556E-02    1.17943E-02
   -5.41267E-03   -2.16782E-02   -3.70281E-02   -5.14959E-02   -6.51216E-02
   -7.79468E-02   -9.00151E-02   -1.01369E-01  -0.112052
   -3.05489E-02   -3.39136E-02  -0.110372    4.39450E-02   -4.88474E-02   0.193108
   -3.53445E-02  -0.209352  -0.189137   -6.89661E-02    6.21961E-02   0.163334
   0.225037   0.251807   0.252186   0.234508   0.205511   0.170169   0.131952
    9.31751E-02    5.53189E-02    1.92773E-02   -1.44535E-02   -4.56430E-02
   -7.42328E-02   -1.00273E-01  -0.123879  -0.145201  -0.164407  -0.181670
  -0.197160  -0.211040  -0.223462  -0.234565  -0.244481  -0.253326  -0.261206
  -0.268219  -0.274451  -0.279980
    2.87908E-02    4.68472E-02  -0.154842   -6.27294E-02    6.67889E-02   0.130807
  -0.152020  -0.211468   -8.49305E-02    7.41472E-02   0.189176   0.245264
   0.252880   0.227879   0.184011   0.131220    7.60111E-02    2.23247E-02
   -2.76556E-02   -7.28784E-02  -0.112992  -0.148055  -0.178356  -0.204292
  -0.226303  -0.244830  -0.260293  -0.273078  -0.283532  -0.291966  -0.298653
  -0.303832  -0.307712  -0.310475  -0.312278  -0.313256  -0.313529  -0.313198
  -0.312351  -0.311065
    6.98067E-02    1.00994E-01  -0.148929  -0.135050   0.146008    4.15717E-02
  -0.209352  -0.154778    2.79359E-02   0.176875   0.246725   0.248839   0.207788
   0.144847    7.45271E-02    5.49013E-03   -5.76858E-02  -0.112992  -0.159920
  -0.198779  -0.230273  -0.255263  -0.274628  -0.289202  -0.299736  -0.306889
  -0.311234  -0.313256  -0.313368  -0.311916  -0.309192  -0.305439  -0.300859
  -0.295623  -0.289871  -0.283721  -0.277269  -0.270596  -0.263770  -0.256844
    9.11852E-02   0.127838  -0.116448  -0.171512   0.186629   -4.23532E-02
  -0.220199   -7.77387E-02   0.120224   0.233606   0.251938   0.207012   0.131122
    4.64288E-02   -3.44585E-02  -0.105495  -0.164558  -0.211646  -0.247778
  -0.274377  -0.292932  -0.304843  -0.311351  -0.313517  -0.312231  -0.308231
  -0.302119  -0.294385  -0.285427  -0.275565  -0.265055  -0.254103  -0.242873
  -0.231496  -0.220073  -0.208687  -0.197400  -0.186262  -0.175309  -0.164569
    9.76619E-02   0.134383   -7.39447E-02  -0.180995   0.197937  -0.109376
  -0.201893   -1.19886E-03   0.185424   0.253954   0.225245   0.144847    4.78025E-02
   -4.56430E-02  -0.126039  -0.190329  -0.238764  -0.273078  -0.295491  -0.308219
  -0.313256  -0.312305  -0.306769  -0.297787  -0.286264  -0.272917  -0.258308
  -0.242873  -0.226951  -0.210800  -0.194618  -0.178556  -0.162724  -0.147204
  -0.132055  -0.117315   -1.03013E-01   -8.91641E-02   -7.57747E-02   -6.28461E-02
    9.43691E-02   0.127856   -3.06456E-02  -0.172896   0.189972  -0.157882
  -0.167932    6.58065E-02   0.226135   0.249443   0.182014    7.74348E-02
   -2.98692E-02  -0.123046  -0.196202  -0.249138  -0.284155  -0.304352  -0.312809
  -0.312248  -0.304939  -0.292705  -0.276978  -0.258866  -0.239218  -0.218672
  -0.197707  -0.176680  -0.155848  -0.135398  -0.115459   -9.61207E-02   -7.74392E-02
   -5.94470E-02   -4.21588E-02   -2.55767E-02   -9.69287E-03    5.50734E-03
    2.00434E-02    3.39376E-02
    8.52937E-02   0.113760    9.03308E-03  -0.154472   0.170567  -0.190119
  -0.127175   0.120568   0.247506   0.229474   0.132123    1.27263E-02   -9.69790E-02
  -0.184164  -0.246419  -0.286067  -0.307065  -0.313521  -0.309082  -0.296753
  -0.278905  -0.257360  -0.233488  -0.208308  -0.182563  -0.156788  -0.131362
  -0.106547   -8.25176E-02   -5.93841E-02   -3.72104E-02   -1.60259E-02    4.16428E-03
    2.33724E-02    4.16226E-02    5.89467E-02    7.53824E-02    9.09695E-02
   0.105750   0.119765
    7.31728E-02    9.58235E-02    4.33938E-02  -0.130693   0.145126  -0.209352
   -8.49305E-02   0.163334   0.254630   0.200755    8.13781E-02   -4.56430E-02
  -0.152420  -0.230273  -0.279980  -0.305985  -0.313530  -0.307430  -0.291669
  -0.269365  -0.242873  -0.213933  -0.183802  -0.153371  -0.123260   -9.38881E-02
   -6.55298E-02   -3.83529E-02   -1.24500E-02    1.21398E-02    3.54144E-02
    5.73974E-02    7.81292E-02    9.76611E-02   0.116050   0.133358   0.149645
   0.164974   0.179403   0.192989
    5.97646E-02    7.64103E-02    7.21404E-02   -1.04745E-01   0.117139  -0.218713
   -4.41488E-02   0.195533   0.251723   0.167760    3.29345E-02   -9.64289E-02
  -0.196848  -0.263636  -0.300379  -0.313256  -0.308471  -0.291300  -0.265892
  -0.235360  -0.201967  -0.167319  -0.132528   -9.83462E-02   -6.52618E-02
   -3.35777E-02   -3.46493E-03    2.49970E-02    5.17913E-02    7.69435E-02
    1.00506E-01   0.122549   0.143153   0.162400   0.180377   0.197167   0.212853
   0.227510   0.241214   0.254032
    4.61443E-02    5.69459E-02    9.56318E-02   -7.85693E-02    8.87526E-02
  -0.220823   -6.31832E-03   0.218910   0.242015   0.133343   -1.16722E-02
  -0.139621  -0.231604  -0.286633  -0.310714  -0.311411  -0.295623  -0.268901
  -0.235431  -0.198240  -0.159448  -0.120502   -8.23569E-02   -4.56175E-02
   -1.06440E-02    2.23733E-02    5.33590E-02    8.23146E-02   0.109292   0.134373
   0.157659   0.179259   0.199285   0.217849   0.235058   0.251016   0.265819
   0.279558   0.292317   0.304173
    3.29383E-02    3.82430E-02   0.114486   -5.32931E-02    6.12255E-02  -0.217744
    2.79359E-02   0.235142   0.227879    9.92506E-02   -5.18505E-02  -0.175788
  -0.258189  -0.301417  -0.313525  -0.303167  -0.277722  -0.242873  -0.202754
  -0.160251  -0.117315   -7.52192E-02   -3.47560E-02    3.61174E-03    3.96474E-02
    7.32650E-02    1.04477E-01   0.133358   0.160019   0.184593   0.207221
   0.228044   0.247204   0.264834   0.281059   0.295998   0.309760   0.322444
   0.334142   0.344939
    2.04857E-02    2.07289E-02   0.129381   -2.95205E-02    3.52437E-02  -0.211045
    5.84807E-02   0.245700   0.211019    6.65021E-02   -8.75374E-02  -0.205726
  -0.278029  -0.309800  -0.310811  -0.290554  -0.256721  -0.215023  -0.169475
  -0.122793   -7.67388E-02   -3.24095E-02    9.55984E-03    4.88434E-02    8.53197E-02
   0.118998   0.149971   0.178376   0.204378   0.228151   0.249871   0.269709
   0.287826   0.304375   0.319496   0.333318   0.345959   0.357526   0.368118
   0.377823
    8.94734E-03    4.59363E-03   0.140961   -7.53252E-03    1.11376E-02  -0.201893
    8.54469E-02   0.251807   0.192635    3.56474E-02  -0.118947  -0.230273
  -0.292377  -0.313256  -0.304109  -0.275065  -0.233998  -0.186565  -0.136623
   -8.66954E-02   -3.83529E-02    7.48341E-03    5.03299E-02    8.99887E-02
   0.126444   0.159793   0.190196   0.217849   0.242962   0.265746   0.286405
   0.305132   0.322110   0.337503   0.351463   0.364128   0.375624   0.386062
   0.395545   0.404164
   -1.62208E-03   -1.01156E-02   0.149801    1.25849E-02   -1.09809E-02  -0.191148
   0.109097   0.254458   0.173561    6.93956E-03  -0.146426  -0.250226  -0.302296
  -0.312957  -0.294588  -0.257787  -0.210508  -0.158297   -1.04829E-01   -5.24218E-02
   -2.45568E-03    4.43177E-02    8.75579E-02   0.127186   0.163282   0.196021
   0.225626   0.252343   0.276421   0.298100   0.317611   0.335165   0.350959
   0.365169   0.377956   0.389464   0.399824   0.409152   0.417551   0.425116
   -1.12333E-02   -2.34320E-02   0.156392    3.08602E-02   -3.11274E-02  -0.179435
   0.129746   0.254450   0.154365   -1.95502E-02  -0.170369  -0.266299  -0.308666
  -0.309826  -0.283127  -0.239501  -0.186903  -0.130731   -7.44583E-02   -2.01954E-02
    3.08638E-02    7.81292E-02   0.121394   0.160689   0.196181   0.228115
   0.256770   0.282433   0.305388   0.325902   0.344224   0.360583   0.375185
   0.388217   0.399847   0.410223   0.419479   0.427733   0.435092   0.441648
   -1.99307E-02   -3.54345E-02   0.161148    4.73851E-02   -4.93904E-02  -0.167204
   0.147720   0.252412   0.135431   -4.38605E-02  -0.191173  -0.279113  -0.312205
  -0.304583  -0.270383  -0.220763  -0.163622   -1.04181E-01   -4.57003E-02
    9.91152E-03    6.16424E-02   0.109054   0.152065   0.190804   0.225518
   0.256515   0.284122   0.308663   0.330450   0.349773   0.366899   0.382067
   0.395495   0.407376   0.417882   0.427165   0.435362   0.442592   0.448961
   0.454563
   -2.77767E-02   -4.62210E-02   0.164412    6.22837E-02   -6.58957E-02  -0.154778
   0.163334   0.248839   0.117008   -6.60925E-02  -0.209216  -0.289202  -0.313498
  -0.297787  -0.256844  -0.201967  -0.140951   -7.88236E-02   -1.86307E-02
    3.79201E-02    8.99887E-02   0.137280   0.179826   0.217849   0.251667
   0.281641   0.308141   0.331526   0.352130   0.370264   0.386207   0.400210
   0.412497   0.423265   0.432692   0.440931   0.448121   0.454380   0.459816
   0.464521
   -3.48420E-02   -5.58994E-02   0.166467    7.56923E-02   -8.07853E-02  -0.142385
   0.176875   0.244120    9.92506E-02   -8.63796E-02  -0.224841  -0.297016
  -0.313016  -0.289871  -0.242873  -0.183385  -0.119070   -5.47482E-02    6.74928E-03
    6.39075E-02   0.116050   0.163016   0.204943   0.242136   0.274977   0.303877
   0.329244   0.351463   0.370892   0.387855   0.402643   0.415516   0.426704
   0.436407   0.444805   0.452054   0.458291   0.463637   0.468196   0.472062
   -4.11989E-02   -6.45753E-02   0.167544    8.77482E-02   -9.42039E-02  -0.130182
   0.188604   0.238561    8.22507E-02   -1.04870E-01  -0.238357  -0.302934
  -0.311137  -0.281171  -0.228735  -0.165205   -9.80848E-02   -3.19816E-02
    3.04834E-02    8.79817E-02   0.139992   0.186476   0.227671   0.263956
   0.295771   0.323572   0.347798   0.368860   0.387134   0.402956   0.416628
   0.428415   0.438551   0.447240   0.454663   0.460977   0.466317   0.470805
   0.474545   0.477629
   -4.69152E-02   -7.23507E-02   0.167834    9.85847E-02  -0.106293  -0.118277
   0.198754   0.232399    6.60537E-02  -0.121712  -0.250036  -0.307273  -0.308166
  -0.271945  -0.214624  -0.147549   -7.80476E-02   -1.05116E-02    5.26433E-02
   0.110266   0.161982   0.207868   0.248250   0.283576   0.314340   0.341034
   0.364128   0.384054   0.401203   0.415922   0.428521   0.439269   0.448404
   0.456132   0.462634   0.468066   0.472565   0.476251   0.479226   0.481580
   -5.20563E-02   -7.93195E-02   0.167490   0.108325  -0.117183  -0.106741
   0.207526   0.225820    5.06735E-02  -0.137054  -0.260117  -0.310299  -0.304350
  -0.262391  -0.200680  -0.130495   -5.89759E-02    9.69936E-03    7.33154E-02
   0.130890   0.182185   0.227385   0.266899   0.301237   0.330940   0.356535
   0.378516   0.397335   0.413395   0.427054   0.438625   0.448384   0.456569
   0.463388   0.469022   0.473627   0.477338   0.480274   0.482536   0.484212
   -5.66813E-02   -8.55676E-02   0.166639   0.117084  -0.126998   -9.56178E-02
   0.215100   0.218967    3.61042E-02  -0.151033  -0.268808  -0.312231  -0.299885
  -0.252661  -0.187001  -0.114087   -4.08633E-02    2.87045E-02    9.25929E-02
   0.149981   0.200759   0.245210   0.283821   0.317157   0.345801   0.370313
   0.391208   0.408955   0.423966   0.436609   0.447200   0.456019   0.463305
   0.469267   0.474084   0.477912   0.480886   0.483122   0.484719   0.485766
   -6.08456E-02   -9.11725E-02   0.165384   0.124964  -0.135849   -8.49305E-02
   0.221629   0.211953    2.23247E-02  -0.163778  -0.276288  -0.313256  -0.294930
  -0.242873  -0.173656   -9.83462E-02   -2.36869E-02    4.65651E-02   0.110571
   0.167662   0.217849   0.261508   0.299194   0.331526   0.359124   0.382576
   0.402417   0.419128   0.433134   0.444805   0.454465   0.462392   0.468828
   0.473982   0.478032   0.481132   0.483416   0.484998   0.485978   0.486439
   -6.45969E-02   -9.62038E-02   0.163810   0.132058  -0.143835   -7.46900E-02
   0.227248   0.204865    9.30625E-03  -0.175406  -0.282715  -0.313528  -0.289611
  -0.233114  -0.160691   -8.32773E-02   -7.41320E-03    6.33472E-02   0.127343
   0.184050   0.233590   0.276427   0.313179   0.344514   0.371085   0.393505
   0.412327   0.428043   0.441085   0.451831   0.460605   0.467688   0.473322
   0.477714   0.481043   0.483461   0.485100   0.486073   0.486476   0.486393
   -6.79795E-02   -1.00724E-01   0.161985   0.138451  -0.151048   -6.48969E-02
   0.232073   0.197770   -2.98551E-03  -0.186025  -0.288224  -0.313174  -0.284032
  -0.223451  -0.148135   -6.88729E-02    7.99641E-03    7.91174E-02   0.142998
   0.199252   0.248106   0.290103   0.325922   0.356273   0.381840   0.403259
   0.421097   0.435858   0.447980   0.457844   0.465778   0.472062   0.476939
   0.480615   0.483267   0.485046   0.486082   0.486485   0.486351   0.485762
   -7.10316E-02   -1.04788E-01   0.159966   0.144215  -0.157567   -5.55443E-02
   0.236206   0.190719   -1.45882E-02  -0.195731  -0.292932  -0.312305  -0.278274
  -0.213933  -0.136003   -5.51178E-02    2.25852E-02    9.39415E-02   0.157622
   0.213368   0.261508   0.302657   0.337549   0.366934   0.391525   0.411975
   0.428867   0.442713   0.453957   0.462982   0.470119   0.475648   0.479810
   0.482812   0.484827   0.486007   0.486478   0.486350   0.485716   0.484655
   -7.37887E-02  -0.108444   0.157799   0.149417  -0.163465   -4.66212E-02
   0.239733   0.183750   -2.55399E-02  -0.204613  -0.296940  -0.311009  -0.272404
  -0.204597  -0.124302   -4.19911E-02    3.63968E-02   0.107883   0.171294
   0.226492   0.273898   0.314198   0.348175   0.376615   0.400257   0.419773
   0.435756   0.448726   0.459133   0.467361   0.473742   0.478556   0.482045
   0.484411   0.485829   0.486447   0.486390   0.485765   0.484664   0.483165
   -7.62815E-02  -0.111736   0.155521   0.154116  -0.168805   -3.81132E-02
   0.242730   0.176893   -3.58791E-02  -0.212749  -0.300337  -0.309363  -0.266473
  -0.195468  -0.113031   -2.94692E-02    4.94754E-02   0.121003   0.184087
   0.238705   0.285367   0.324822   0.357899   0.385419   0.408143   0.426758
   0.441869   0.454002   0.463610   0.471081   0.476745   0.480884   0.483736
   0.485504   0.486361   0.486451   0.485899   0.484810   0.483273   0.481365
   -7.85368E-02  -0.114703   0.153163   0.158364  -0.173645   -3.00039E-02
   0.245264   0.170169   -4.56430E-02  -0.220210  -0.303199  -0.307430  -0.260525
  -0.186565   -1.02186E-01   -1.75261E-02    6.18643E-02   0.133358   0.196069
   0.250086   0.295998   0.334616   0.366812   0.393437   0.415273   0.433021
   0.447296   0.458629   0.467477   0.474228   0.479212   0.482712   0.484964
   0.486168   0.486496   0.486091   0.485075   0.483552   0.481607   0.479317
   -8.05793E-02  -0.117378   0.150751   0.162207  -0.178035   -2.22758E-02
   0.247392   0.163594   -5.48678E-02  -0.227060  -0.305593  -0.305265  -0.254592
  -0.177898   -9.17573E-02   -6.13481E-03    7.36052E-02   0.145002   0.207304
   0.260703   0.305866   0.343659   0.374994   0.400749   0.421728   0.438643
   0.452117   0.462686   0.470808   0.476875   0.481216   0.484110   0.485794
   0.486468   0.486298   0.485428   0.483977   0.482046   0.479721   0.477074
   -8.24305E-02  -0.119792   0.148304   0.165686  -0.182021   -1.49110E-02
   0.249164   0.157177   -6.35878E-02  -0.233355  -0.307575  -0.302911  -0.248701
  -0.169475   -8.17332E-02    4.73175E-03    8.47381E-02   0.155985   0.217849
   0.270620   0.315037   0.352019   0.382515   0.407428   0.427579   0.443693
   0.456400   0.466239   0.473671   0.479087   0.482817   0.485138   0.486286
   0.486458   0.485820   0.484512   0.482652   0.480340   0.477658   0.474677
   -8.41098E-02  -0.121972   0.145841   0.168838  -0.185641   -7.89112E-03
   0.250623   0.150927   -7.18358E-02  -0.239147  -0.309197  -0.300408  -0.242873
  -0.161300   -7.21008E-02    1.51002E-02    9.53007E-02   0.166353   0.227757
   0.279894   0.323572   0.359759   0.389437   0.413536   0.432889   0.448234
   0.460205   0.469347   0.476121   0.480919   0.484068   0.485847   0.486488
   0.486187   0.485107   0.483387   0.481143   0.478472   0.475456   0.472163
   -8.56341E-02  -0.123940   0.143374   0.171696  -0.188933   -1.19886E-03
   0.251807   0.144847   -7.96420E-02  -0.244481  -0.310503  -0.297787  -0.237124
  -0.153371   -6.28461E-02    2.49970E-02   0.105329   0.176150   0.237076
   0.288577   0.331526   0.366934   0.395819   0.419128   0.437714   0.452320
   0.463587   0.472062   0.478209   0.482418   0.485017   0.486281   0.486442
   0.485694   0.484197   0.482089   0.479484   0.476476   0.473146   0.469562
