    2.98481E-02    2.82402E-02    6.77124E-02   -2.75297E-02    2.74086E-02
   -1.03346E-01    2.10158E-02   0.106288    8.97878E-02    2.72017E-02   -3.58839E-02
   -8.10050E-02  -0.105622  -0.113386  -0.109236   -9.75219E-02   -8.15341E-02
   -6.35627E-02   -4.51127E-02   -2.71213E-02   -1.01336E-02    5.56379E-03
    1.98521E-02    3.27178E-02    4.42088E-02    5.44087E-02    6.34179E-02
    7.13427E-02    7.82894E-02    8.43587E-02    8.96448E-02    9.42341E-02
    9.82050E-02    1.01628E-01    1.04565E-01   0.107074   0.109203   0.110996
   0.112493   0.113728
    9.46075E-03    2.10158E-02  -0.115560   -3.03861E-02    3.28577E-02    9.91348E-02
   -9.21517E-02  -0.139909   -6.20394E-02    3.88036E-02   0.111507   0.146494
   0.150912   0.135215   0.108277    7.63745E-02    4.35152E-02    1.20446E-02
   -1.67984E-02   -4.24741E-02   -6.48598E-02   -8.40703E-02   -1.00343E-01
  -0.113967  -0.125248  -0.134479  -0.141933  -0.147854  -0.152462  -0.155948
  -0.158477  -0.160194  -0.161221  -0.161666  -0.161619  -0.161158  -0.160351
  -0.159253  -0.157913  -0.156374
    8.76662E-02   0.115532   -8.08561E-02  -0.142919   0.151001   -6.48598E-02
  -0.152834   -1.54895E-02   0.119888   0.172184   0.155061    1.01396E-01
    3.64377E-02   -2.54517E-02   -7.77863E-02  -0.118662  -0.148488  -0.168656
  -0.180842  -0.186666  -0.187552  -0.184694  -0.179057  -0.171408  -0.162349
  -0.152344  -0.141750  -0.130837  -0.119810  -0.108819   -9.79768E-02   -8.73628E-02
   -7.70336E-02   -6.70274E-02   -5.73677E-02   -4.80687E-02   -3.91356E-02
   -3.05678E-02   -2.23613E-02   -1.45079E-02
   -8.65113E-02  -0.109889    6.29208E-03   0.135215  -0.143160   0.146852
    1.01396E-01   -9.00818E-02  -0.183752  -0.165130   -8.88108E-02    1.81232E-04
    7.83339E-02   0.137196   0.176178   0.197974   0.206195   0.204299   0.195207
   0.181230   0.164126   0.145194   0.125373   0.105327    8.55179E-02    6.62530E-02
    4.77326E-02    3.00770E-02    1.33499E-02   -2.42410E-03   -1.72484E-02
   -3.11441E-02   -4.41450E-02   -5.62920E-02   -6.76307E-02   -7.82079E-02
   -8.80710E-02   -9.72665E-02  -0.105840  -0.113833
    8.12709E-02   0.113343  -0.117296  -0.147854   0.158865   -2.54517E-02
  -0.187552   -7.09894E-02    9.58110E-02   0.190181   0.203552   0.164126
    1.00007E-01    3.00770E-02   -3.52379E-02   -9.12081E-02  -0.136425  -0.171214
  -0.196692  -0.214239  -0.225237  -0.230945  -0.232450  -0.230666  -0.226345
  -0.220097  -0.212413  -0.203685  -0.194224  -0.184276  -0.174032  -0.163643
  -0.153225  -0.142867  -0.132638  -0.122589  -0.112757   -1.03169E-01   -9.38424E-02
   -8.47901E-02
    5.34820E-02    6.26235E-02    7.99040E-02   -7.46490E-02    7.88107E-02
  -0.187552    1.81232E-04   0.183679   0.190302    9.12990E-02   -2.92814E-02
  -0.128242  -0.192904  -0.225237  -0.232181  -0.221163  -0.198460  -0.168847
  -0.135734   -1.01453E-01   -6.75304E-02   -3.49225E-02   -4.18760E-03    2.43851E-02
    5.06849E-02    7.47163E-02    9.65543E-02   0.116316   0.134142   0.150180
   0.164580   0.177486   0.189036   0.199358   0.208570   0.216781   0.224090
   0.230585   0.236348   0.241452
   -4.36790E-02   -6.87312E-02   0.152015    9.61549E-02  -0.105206   -8.04425E-02
   0.178420   0.170701    1.46853E-02  -0.132245  -0.213714  -0.231882  -0.206432
  -0.156694   -9.67582E-02   -3.55162E-02    2.20131E-02    7.33643E-02   0.117632
   0.154802   0.185328   0.209882   0.229200   0.244010   0.254983   0.262723
   0.267756   0.270538   0.271457   0.270841   0.268970   0.266078   0.262359
   0.257979   0.253074   0.247760   0.242130   0.236266   0.230232   0.224084
   -9.21951E-02  -0.128124    9.98633E-02   0.170256  -0.184652    7.29626E-02
   0.198882    3.00770E-02  -0.150798  -0.228895  -0.214184  -0.146998   -6.07525E-02
    2.43851E-02    9.85554E-02   0.158228   0.203259   0.235080   0.255691
   0.267152   0.271346   0.269890   0.264128   0.255150   0.243824   0.230837
   0.216726   0.201907   0.186699   0.171348   0.156038   0.140908   0.126057
   0.111561    9.74683E-02    8.38138E-02    7.06179E-02    5.78911E-02    4.56363E-02
    3.38503E-02
   -9.14892E-02  -0.120737    1.20446E-02   0.156791  -0.169424   0.170645
   0.127193   -1.03914E-01  -0.225237  -0.209103  -0.117903   -6.89527E-03
    9.34658E-02   0.171211   0.224494   0.255986   0.269830   0.270205   0.260754
   0.244429   0.223521   0.199762   0.174428   0.148444   0.122465    9.69491E-02
    7.22022E-02    4.84225E-02    2.57286E-02    4.18176E-03   -1.61969E-02
   -3.54150E-02   -5.34994E-02   -7.04898E-02   -8.64338E-02   -1.01384E-01
  -0.115395  -0.128522  -0.140818  -0.152337
   -6.54330E-02   -8.08561E-02   -6.48598E-02    1.01396E-01  -0.108819   0.205464
    3.00770E-02  -0.189150  -0.225232  -0.132638   -1.23021E-03   0.116316
   0.200567   0.249937   0.269999   0.268036   0.250744   0.223521   0.190420
   0.154346   0.117313    8.06671E-02    4.52723E-02    1.16535E-02   -1.99003E-02
   -4.92606E-02   -7.64059E-02   -1.01384E-01  -0.124286  -0.145226  -0.164334
  -0.181742  -0.197582  -0.211982  -0.225062  -0.236935  -0.247708  -0.257478
  -0.266333  -0.274356
   -3.15838E-02   -3.23711E-02  -0.117769    3.55223E-02   -3.68895E-02   0.196852
   -5.88800E-02  -0.227055  -0.182953   -4.15500E-02    1.00189E-01   0.201497
   0.256025   0.271456   0.258771   0.227913   0.186572   0.140214    9.25075E-02
    4.57885E-02    1.45735E-03   -3.97206E-02   -7.73987E-02  -0.111498  -0.142103
  -0.169396  -0.193610  -0.214998  -0.233819  -0.250322  -0.264743  -0.277300
  -0.288195  -0.297607  -0.305701  -0.312622  -0.318502  -0.323458  -0.327593
  -0.330999
    1.04652E-03    1.29426E-02  -0.147854   -2.54517E-02    2.96744E-02   0.164126
  -0.128242  -0.230666  -0.122589    4.31871E-02   0.175789   0.249937   0.271460
   0.255150   0.215317   0.162982   0.105737    4.84225E-02   -6.08868E-03
   -5.62537E-02   -1.01384E-01  -0.141320  -0.176214  -0.206387  -0.232244
  -0.254217  -0.272732  -0.288195  -0.300977  -0.311417  -0.319815  -0.326439
  -0.331524  -0.335276  -0.337876  -0.339481  -0.340228  -0.340237  -0.339612
  -0.338443
    2.88462E-02    5.06697E-02  -0.160348   -7.58586E-02    8.47054E-02   0.120682
  -0.177012  -0.212718   -5.84774E-02   0.113615   0.226149   0.269658   0.260127
   0.217263   0.157032    9.04182E-02    2.42530E-02   -3.76008E-02   -9.32283E-02
  -0.141922  -0.183685  -0.218905  -0.248161  -0.272103  -0.291381  -0.306611
  -0.318354  -0.327113  -0.333329  -0.337387  -0.339622  -0.340318  -0.339723
  -0.338046  -0.335468  -0.332142  -0.328198  -0.323748  -0.318886  -0.313694
    5.09532E-02    8.00222E-02  -0.160582  -0.114795   0.127212    7.45472E-02
  -0.208081  -0.182715    2.01316E-03   0.168293   0.255622   0.269096   0.232626
   0.168986    9.45694E-02    1.96218E-02   -5.01424E-02  -0.111977  -0.164941
  -0.209115  -0.245113  -0.273788  -0.296063  -0.312835  -0.324932  -0.333096
  -0.337971  -0.340115  -0.340003  -0.338038  -0.334561  -0.329858  -0.324167
  -0.317691  -0.310595  -0.303022  -0.295086  -0.286885  -0.278500  -0.269997
    6.77124E-02    1.01738E-01  -0.152834  -0.143347   0.158371    3.00770E-02
  -0.225237  -0.146998    5.56712E-02   0.208570   0.269136   0.255150   0.196407
   0.117313    3.38503E-02   -4.48882E-02  -0.114458  -0.173242  -0.221214
  -0.259153  -0.288195  -0.309564  -0.324447  -0.333923  -0.338939  -0.340311
  -0.338730  -0.334777  -0.328935  -0.321602  -0.313111  -0.303732  -0.293689
  -0.283163  -0.272304  -0.261232  -0.250047  -0.238828  -0.227638  -0.216528
    7.98997E-02   0.117051  -0.140219  -0.163230   0.180050   -1.06268E-02
  -0.231996  -0.109533    1.01547E-01   0.236725   0.271030   0.232920   0.156363
    6.63233E-02   -2.21679E-02   -1.01384E-01  -0.168182  -0.222019  -0.263688
  -0.294574  -0.316233  -0.330185  -0.337809  -0.340308  -0.338703  -0.333849
  -0.326454  -0.317096  -0.306249  -0.294294  -0.281543  -0.268244  -0.254596
  -0.240759  -0.226860  -0.212997  -0.199251  -0.185680  -0.172333  -0.159243
    8.83650E-02   0.127231  -0.124890  -0.176186   0.194148   -4.67567E-02
  -0.231248   -7.26633E-02   0.139828   0.255122   0.264759   0.205986   0.115551
    1.82187E-02   -7.22658E-02  -0.149626  -0.211982  -0.259774  -0.294516
  -0.318096  -0.332413  -0.339207  -0.339995  -0.336058  -0.328454  -0.318053
  -0.305553  -0.291520  -0.276402  -0.260557  -0.244266  -0.227752  -0.211187
  -0.194705  -0.178409  -0.162377  -0.146666  -0.131319  -0.116365   -1.01824E-01
    9.38850E-02   0.133404  -0.108286  -0.183752   0.202343   -7.82079E-02
  -0.225232   -3.76895E-02   0.171211   0.265875   0.252945   0.176770    7.57963E-02
   -2.59497E-02  -0.116191  -0.190105  -0.246999  -0.288195  -0.315827  -0.332200
  -0.339481  -0.339573  -0.334084  -0.324338  -0.311407  -0.296149  -0.279246
  -0.261232  -0.242529  -0.223460  -0.204277  -0.185172  -0.166290  -0.147738
  -0.129596  -0.111919   -9.47451E-02   -7.80989E-02   -6.19935E-02   -4.64337E-02
    9.71173E-02   0.136507   -9.13427E-02  -0.187202   0.206028  -0.105233
  -0.215632   -5.25679E-03   0.196567   0.270750   0.237516   0.146871    3.81189E-02
   -6.58118E-02  -0.154197  -0.223624  -0.274491  -0.308902  -0.329519  -0.338986
  -0.339677  -0.333612  -0.322452  -0.307538  -0.289934  -0.270477  -0.249816
  -0.228454  -0.206776  -0.185071  -0.163558  -0.142398  -0.121709   -1.01571E-01
   -8.20410E-02   -6.31535E-02   -4.49277E-02   -2.73711E-02   -1.04816E-02
    5.74934E-03
    9.85962E-02   0.137289   -7.46490E-02  -0.187552   0.206314  -0.128242
  -0.203685    2.43851E-02   0.216781   0.271172   0.219867   0.117313    3.02958E-03
   -1.01384E-01  -0.186777  -0.251072  -0.295661  -0.323333  -0.337196  -0.340168
  -0.334777  -0.323121  -0.306890  -0.287421  -0.265755  -0.242696  -0.218858
  -0.194705  -0.170583  -0.146747  -0.123382   -1.00619E-01   -7.85479E-02
   -5.72251E-02   -3.66845E-02   -1.69407E-02    2.00417E-03    2.01588E-02
    3.75389E-02    5.41652E-02
    9.87457E-02   0.136338   -5.85619E-02  -0.185600   0.204076  -0.147699
  -0.190292    5.12197E-02   0.232669   0.268263   0.200991    8.87268E-02
   -2.92768E-02  -0.132890  -0.214512  -0.273314  -0.311585  -0.332712  -0.340176
  -0.337110  -0.326161  -0.309471  -0.288737  -0.265276  -0.240100  -0.213972
  -0.187465  -0.161002  -0.134891  -0.109353   -8.45379E-02   -6.05485E-02
   -3.74471E-02   -1.52678E-02    5.97722E-03    2.62910E-02    4.56883E-02
    6.41919E-02    8.18302E-02    9.86351E-02
    9.78981E-02   0.134113   -4.32834E-02  -0.181961   0.199987  -0.164060
  -0.176096    7.53608E-02   0.244951   0.262900   0.181588    6.14792E-02
   -5.87952E-02  -0.160653  -0.237991  -0.291140  -0.323194  -0.338056  -0.339518
  -0.330887  -0.314888  -0.293689  -0.268974  -0.242033  -0.213836  -0.185105
  -0.156369  -0.128010   -1.00298E-01   -7.34162E-02   -4.74864E-02   -2.25812E-02
    1.26163E-03    2.40302E-02    4.57317E-02    6.63861E-02    8.60231E-02
    1.04679E-01   0.122393   0.139207
    9.63116E-02   0.130962   -2.89143E-02  -0.177110   0.194568  -0.177750
  -0.161558    9.69896E-02   0.254245   0.255757   0.162141    3.57624E-02
   -8.56305E-02  -0.185032  -0.257770  -0.305246  -0.331271  -0.340196  -0.336071
  -0.322337  -0.301770  -0.276544  -0.248322  -0.218353  -0.187567  -0.156637
  -0.126051   -9.61473E-02   -6.71589E-02   -3.92360E-02   -1.24687E-02    1.30965E-02
    3.74453E-02    6.05865E-02    8.25451E-02    1.03357E-01   0.123066   0.141718
   0.159366   0.176058
    9.41859E-02   0.127155   -1.54895E-02  -0.171408   0.188215  -0.189150
  -0.146998   0.116316   0.261074   0.247355   0.142980    1.16535E-02  -0.109947
  -0.206387  -0.274356  -0.316233  -0.336471  -0.339808  -0.330507  -0.312108
  -0.287421  -0.258608  -0.227300  -0.194705  -0.161704  -0.128926   -9.68117E-02
   -6.56618E-02   -3.56710E-02   -6.95708E-03    2.04181E-02    4.64335E-02
    7.10968E-02    9.44358E-02   0.116492   0.137316   0.156963   0.175492
   0.192963   0.209433
    9.16748E-02   0.122897   -3.00316E-03  -0.165130   0.181230  -0.198593
  -0.132638   0.133558   0.265875   0.238091   0.124323   -1.08440E-02  -0.131934
  -0.225062  -0.288195  -0.324611  -0.339335  -0.337437  -0.323355  -0.300703
  -0.272304  -0.240299  -0.206281  -0.171411  -0.136521   -1.02195E-01   -6.88291E-02
   -3.66845E-02   -5.92038E-03    2.33759E-02    5.11700E-02    7.74642E-02
    1.02287E-01   0.125683   0.147710   0.168431   0.187913   0.206224   0.223433
   0.239605
    8.88958E-02   0.118344    8.57543E-03  -0.158485   0.173843  -0.206368
  -0.118628   0.148926   0.269011   0.228269   0.106310   -3.17731E-02  -0.151793
  -0.241371  -0.299678  -0.330814  -0.340310  -0.333524  -0.315034  -0.288508
  -0.256767  -0.221924  -0.185527  -0.148690  -0.112195   -7.65779E-02   -4.21947E-02
   -9.26717E-03    2.20782E-02    5.17841E-02    7.98415E-02   0.106275   0.131131
   0.154472   0.176369   0.196896   0.216133   0.234154   0.251036   0.266852
    8.59399E-02   0.113613    1.92929E-02  -0.151629   0.166226  -0.212723
  -0.105066   0.162617   0.270784   0.218118    8.90233E-02   -5.12036E-02
  -0.169718  -0.255600  -0.309146  -0.335205  -0.339761  -0.328419  -0.305872
  -0.275819  -0.241071  -0.203705  -0.165222  -0.126685   -8.88283E-02   -5.21423E-02
   -1.69407E-02    1.65904E-02    4.83571E-02    7.83295E-02   0.106522   0.132981
   0.157770   0.180966   0.202653   0.222917   0.241844   0.259521   0.276029
   0.291446
    8.28760E-02   0.108793    2.92014E-02  -0.144681   0.158509  -0.217871
   -9.20096E-02   0.174815   0.271443   0.207813    7.25063E-02   -6.92206E-02
  -0.185896  -0.268002  -0.316887  -0.338087  -0.337988  -0.322406  -0.296124
  -0.262862  -0.225408  -0.185799  -0.145487  -0.105485   -6.64773E-02   -2.89111E-02
    6.93939E-03    4.09237E-02    7.29779E-02    1.03098E-01   0.131322   0.157714
   0.182354   0.205334   0.226748   0.246694   0.265266   0.282557   0.298654
   0.313642
    7.97570E-02    1.03950E-01    3.83581E-02  -0.137729   0.150788  -0.221991
   -7.94934E-02   0.185682   0.271193   0.197484    5.67745E-02   -8.59163E-02
  -0.200499  -0.278801  -0.323153  -0.339717  -0.335238  -0.315712  -0.285994
  -0.249809  -0.209919  -0.168315  -0.126401   -8.51368E-02   -4.51611E-02
   -6.87739E-03    2.94786E-02    6.37893E-02    9.60194E-02   0.126190   0.154359
   0.180609   0.205036   0.227743   0.248837   0.268423   0.286604   0.303479
   0.319141   0.333678
    7.66217E-02    9.91348E-02    4.68185E-02  -0.130837   0.143136  -0.225237
   -6.75304E-02   0.195368   0.270205   0.187227    4.18241E-02   -1.01384E-01
  -0.213687  -0.288195  -0.328157  -0.340308  -0.331711  -0.308518  -0.275636
  -0.236789  -0.194705  -0.151328  -0.108010   -6.56618E-02   -2.48755E-02
    1.39871E-02    5.07265E-02    8.52568E-02   0.117570   0.147710   0.175755
   0.201803   0.225965   0.248356   0.269092   0.288287   0.306051   0.322488
   0.337697   0.351771
    7.35010E-02    9.43828E-02    5.46379E-02  -0.124054   0.135605  -0.227741
   -5.61211E-02   0.204004   0.268619   0.177115    2.76387E-02  -0.115716
  -0.225602  -0.296356  -0.332082  -0.340037  -0.327572  -0.300969  -0.265175
  -0.223901  -0.179839  -0.134884   -9.03369E-02   -4.70598E-02   -5.59920E-03
    3.37229E-02    7.07421E-02   0.105402   0.137721   0.167764   0.195628
   0.221427   0.245283   0.267324   0.287674   0.306455   0.323783   0.339768
   0.354514   0.368116
    7.04165E-02    8.97201E-02    6.18678E-02  -0.117413   0.128231  -0.229612
   -4.52570E-02   0.211706   0.266551   0.167200    1.41932E-02  -0.129000
  -0.236376  -0.303435  -0.335083  -0.339056  -0.322957  -0.293181  -0.254703
  -0.211216  -0.165369  -0.119010   -7.33883E-02   -2.93173E-02    1.26997E-02
    5.23793E-02    8.95901E-02   0.124305   0.156565   0.186457   0.214094
   0.239605   0.263124   0.284789   0.304733   0.323083   0.339964   0.355488
   0.369764   0.382890
    6.73852E-02    8.51658E-02    6.85571E-02  -0.110938   0.121042  -0.230945
   -3.49225E-02   0.218579   0.264097   0.157517    1.45735E-03  -0.141320
  -0.246124  -0.309564  -0.337294  -0.337488  -0.317976  -0.285247  -0.244294
  -0.198785  -0.151328   -1.03719E-01   -5.71582E-02   -1.24114E-02    3.00599E-02
    7.00092E-02   0.107337   0.142043   0.174191   0.203887   0.231261   0.256454
   0.279612   0.300882   0.320404   0.338314   0.354739   0.369798   0.383602
   0.396253
    6.44181E-02    8.07324E-02    7.47509E-02   -1.04644E-01   0.114054  -0.231820
   -2.50987E-02   0.224713   0.261337   0.148093   -1.06023E-02  -0.152754
  -0.254950  -0.314859  -0.338829  -0.335438  -0.312720  -0.277241  -0.234003
  -0.186646  -0.137734   -8.90132E-02   -4.16321E-02    3.68705E-03    4.65243E-02
    8.66682E-02   0.124049   0.158693   0.190685   0.220150   0.247230   0.272082
   0.294861   0.315722   0.334813   0.352276   0.368242   0.382834   0.396168
   0.408347
    6.15237E-02    7.64284E-02    8.04910E-02   -9.85424E-02   0.107279  -0.232307
   -1.57639E-02   0.230189   0.258336   0.138942   -2.20205E-02  -0.163372
  -0.262948  -0.319419  -0.339786  -0.332996  -0.307263  -0.269221  -0.223871
  -0.174825  -0.124597   -7.48856E-02   -2.67903E-02    1.90111E-02    6.21376E-02
    1.02412E-01   0.139792   0.174330   0.206130   0.235333   0.262097   0.286590
   0.308976   0.329419   0.348074   0.365086   0.380593   0.394720   0.407586
   0.419298
    5.87080E-02    7.22585E-02    8.58156E-02   -9.26372E-02    1.00722E-01
  -0.232462   -6.89527E-03   0.235080   0.255150   0.130075   -3.28325E-02
  -0.173242  -0.270202  -0.323333  -0.340248  -0.330234  -0.301666  -0.261232
  -0.213931  -0.163337  -0.111919   -6.13251E-02   -1.26087E-02    3.35958E-02
    7.69450E-02   0.117294   0.154628   0.189022   0.220600   0.249518   0.275949
   0.300069   0.322054   0.342074   0.360288   0.376850   0.391899   0.405566
   0.417970   0.429221
    5.59740E-02    6.82249E-02    9.07594E-02   -8.69311E-02    9.43850E-02
  -0.232336    1.53086E-03   0.239447   0.251822   0.121495   -4.30725E-02
  -0.182426  -0.276784  -0.326677  -0.340287  -0.327215  -0.295979  -0.253313
  -0.204203  -0.152190   -9.96949E-02   -4.83161E-02    9.38939E-04    4.74771E-02
    9.09912E-02   0.131367   0.168617   0.202836   0.234168   0.262783   0.288866
   0.312605   0.334182   0.353775   0.371550   0.387663   0.402259   0.415470
   0.427419   0.438218
    5.33236E-02    6.43278E-02    9.53548E-02   -8.14227E-02    8.82677E-02
  -0.231971    9.53767E-03   0.243347   0.248392   0.113203   -5.27745E-02
  -0.190978  -0.282762  -0.329519  -0.339965  -0.323991  -0.290243  -0.245490
  -0.194705  -0.141389   -8.79180E-02   -3.58407E-02    1.38798E-02    6.06910E-02
    1.04320E-01   0.144682   0.181815   0.215834   0.246899   0.275197   0.300923
   0.324273   0.345440   0.364606   0.381943   0.397611   0.411758   0.424521
   0.436023   0.446378
    5.07573E-02    6.05659E-02    9.96299E-02   -7.61104E-02    8.23673E-02
  -0.231404    1.71485E-02   0.246829   0.244889   0.105196   -6.19706E-02
  -0.198949  -0.288195  -0.331917  -0.339335  -0.320605  -0.284490  -0.237785
  -0.185446  -0.130934   -7.65779E-02   -2.38793E-02    2.62422E-02    7.32727E-02
   0.116973   0.157287   0.194275   0.228072   0.258856   0.286825   0.312186
   0.335145   0.355900   0.374640   0.391543   0.406771   0.420477   0.432798
   0.443862   0.453782
    4.82747E-02    5.69370E-02    1.03612E-01   -7.09894E-02    7.66795E-02
  -0.230666    2.43851E-02   0.249937   0.241340    9.74683E-02   -7.06917E-02
  -0.206387  -0.293134  -0.333923  -0.338443  -0.317096  -0.278747  -0.230215
  -0.176432  -0.120821   -6.56618E-02   -1.24114E-02    3.80537E-02    8.52568E-02
   0.128991   0.169226   0.206046   0.239605   0.270095   0.297727   0.322718
   0.345284   0.365628   0.383946   0.400419   0.415214   0.428485   0.440374
   0.451008   0.460504
