 0.5196915052253
 0.5896337906228
 0.6958752723229
 0.8766081719191
 1.137739647456
 1.448613986105
 1.815688299674
 2.247479747565
 2.707667220212
 3.200250103332
 3.730137154411
 4.303444973071
 4.927929959002
 5.613632498625
 6.373872277278
 7.2268527979
 8.198385789659
 9.326827981346
 10.67281195682
 12.34073650011
 14.77318051424
 17.68692936869
 20.1004108907
 22.8969340095
 26.1124619725
 29.55772798668
 0.4980505109611
 0.5679951588223
 0.6742402745431
 0.8549794843077
 1.116120369716
 1.427006378198
 1.794095155465
 2.225904616981
 2.686112551366
 3.178718879784
 3.708633063591
 4.281972646586
 4.906495325064
 5.592243315829
 6.352538974585
 7.205589858902
 8.177214167369
 9.305779625171
 10.65193913878
 12.32013368871
 14.75310690222
 17.66778657784
 20.08239373152
 22.88081276803
 26.09969844583
 29.55076523582
 0.7412468821355
 0.8111645564029
 0.9173681806248
 1.098035344459
 1.359068794548
 1.669821567122
 2.036745213805
 2.468349020543
 2.928323357648
 3.420662036341
 3.95026648665
 4.523243479942
 5.147335920459
 5.8325651456
 6.592223053788
 7.444470964041
 8.415053312837
 9.542212480018
 10.88636979849
 12.55148566135
 14.97842838426
 17.88251237404
 20.28432579334
 23.06124424415
 26.24219898246
 29.62817444925
 0.9298611469241
 0.9997572466657
 1.10592768467
 1.286537224725
 1.547484747875
 1.858130961453
 2.224922545584
 2.656361888541
 3.116149426568
 3.608274089497
 4.137630891757
 4.710318000766
 5.334066508424
 6.018881082138
 6.778029309523
 7.629635613602
 8.599385595174
 9.725421703453
 11.06798077564
 12.73064068878
 15.15277835238
 18.04843774718
 20.4401093492
 23.20005850012
 26.35130234722
 29.68695475753
 1.086662979825
 1.156540696087
 1.262682856588
 1.443243296829
 1.704117605125
 2.014673026425
 2.381352091838
 2.812651315377
 3.272279712214
 3.764222056697
 4.2933679023
 4.865808093671
 5.48926367075
 6.173725117705
 6.932439342171
 7.783499389538
 8.752540840574
 9.877621221864
 11.21882067019
 12.87939243269
 15.29744855237
 18.18596436333
 20.56905730979
 23.31470380855
 26.44105882059
 29.73499479506
 1.203409164258
 1.273272923266
 1.379393614818
 1.559916777684
 1.820735500929
 2.131221993737
 2.49781563837
 2.929008490893
 3.388516080968
 3.880320030378
 4.409305750007
 4.981558530116
 5.604791787048
 6.288985249618
 7.047370146154
 7.898015736771
 8.866519695132
 9.990875211572
 11.33104376195
 12.99003292612
 15.40499806021
 18.28811159263
 20.6647297757
 23.3996121998
 26.50732759981
 29.77027981211
 1.229739389928
 1.299599968805
 1.405715768718
 1.586230438084
 1.847036496602
 2.15750728463
 2.524081467116
 2.955250084629
 3.414730151277
 3.906502570831
 4.435451810714
 5.007661896272
 5.630844507806
 6.314976925111
 7.073286806614
 7.923837997528
 8.892219542842
 10.01640999081
 11.35634381806
 13.0149727261
 15.4292345293
 18.31111972821
 20.68626725538
 23.41870845465
 26.52220738127
 29.7781811236
 1.213986492273
 1.283848975202
 1.389967703904
 1.570487458612
 1.831301099922
 2.141781290913
 2.508367126009
 2.93955025378
 3.399046799539
 3.890838096943
 4.419809178278
 4.992044826208
 5.615257760419
 6.299426726947
 7.057781521522
 7.908389231242
 8.876844067003
 10.00113334302
 11.3412076996
 13.00005229022
 15.41473515939
 18.29735568901
 20.67338354286
 23.40728588223
 26.51330800212
 29.77345641177
 1.208266843917
 1.27813001712
 1.384249807593
 1.564771405888
 1.825587796186
 2.136071396039
 2.50266145557
 2.933849843777
 3.393352363762
 3.885150505039
 4.414129504685
 4.986374419937
 5.609598347319
 6.293780564474
 7.052151642052
 7.902779842577
 8.871261250008
 9.995586357027
 11.33571166498
 12.99463445781
 15.40947000658
 18.29235719901
 20.66870434772
 23.403136764
 26.51007461085
 29.77173909507
 1.105171851715
 1.175047370697
 1.281186151352
 1.461740723012
 1.7226062805
 2.033150850238
 2.39981646755
 2.831098944522
 3.290708321834
 3.782628877391
 4.311749512302
 4.884160196488
 5.507580769251
 6.192000020808
 6.950662389182
 7.801657173123
 8.770613981737
 9.895580205233
 11.23661728195
 12.89693973805
 15.31450879844
 18.20217291503
 20.58424435522
 23.32819087242
 26.45159690074
 29.740616271
 0.9216576232381
 0.991554673475
 1.097726573538
 1.278338652262
 1.539289960966
 1.849940868992
 2.216738271033
 2.648184859163
 3.10798062611
 3.600114716657
 4.129482427729
 4.702182305573
 5.325945962144
 6.010778798704
 6.769949472978
 7.62158403186
 8.591370665207
 9.717456218737
 11.06008564432
 12.72285363628
 15.14520265099
 18.04123226802
 20.43334899155
 23.19404154264
 26.34658283746
 29.68442082986
 0.8033632181104
 0.8732738513316
 0.9794666448958
 1.160115002544
 1.421120409191
 1.731838404444
 2.098718949797
 2.530269079632
 2.990182449116
 3.482451275838
 4.011974895239
 4.58485726951
 5.208837445981
 5.893931318698
 6.653422847138
 7.50546130044
 8.475771897699
 9.602564373731
 10.9461997788
 12.61051348552
 15.03588624385
 17.93721590091
 20.33571059938
 23.10706892579
 26.27826681971
 29.64765303826
 0.7307742026073
 0.8006930578377
 0.9068984986396
 1.087568816763
 1.348606970489
 1.659365576182
 2.026296452199
 2.457909262171
 2.917893825482
 3.410244220695
 3.93986222923
 4.512855093739
 5.136966365542
 5.822218295306
 6.581904113483
 7.43418716097
 8.404815098995
 9.532035785817
 10.876280672
 12.54153113714
 14.96873735319
 17.87328377992
 20.27565467611
 23.05350780571
 26.23610480573
 29.62487870477
 0.6003607207923
 0.6702941352134
 0.7765219713087
 0.9572311765513
 1.218327318703
 1.529157838281
 1.896177842578
 2.327901652435
 2.788012295812
 3.280507148377
 3.810292325376
 4.383480882244
 5.007824351772
 5.693356250215
 6.453386240551
 7.306102609041
 8.277292807847
 9.405272305711
 10.75059744502
 12.41750874282
 14.84796738556
 17.75822585347
 20.16748943298
 22.9569154817
 26.15989670079
 29.5835539692
 0.4128684804863
 0.4828223567183
 0.5890816678575
 0.7698455268461
 1.031023169956
 1.341954764553
 1.709100042182
 2.140979872143
 2.601267739364
 3.09396565716
 3.623985837224
 4.197449512798
 4.822119446965
 5.508045009557
 6.268558992515
 7.12188480076
 8.093865920661
 9.222913065425
 10.56975860124
 12.23900853139
 14.6740508167
 17.59237169549
 20.01138529459
 22.81723405148
 26.04930227043
 29.52321679237
 0.2317158127937
 0.3016889452051
 0.4079778770588
 0.5887931705217
 0.8500475153827
 1.161074235578
 1.528337416469
 1.960364093301
 2.420818772164
 2.91370783484
 3.443949236238
 4.017671914534
 4.642649215237
 5.328945449737
 6.089915212851
 6.943815022979
 7.916541217987
 9.046594382519
 10.39487306845
 12.06632861187
 14.50569798331
 17.43164338673
 19.85990033061
 22.68137523173
 25.94129610013
 29.4638738947
 0.1141611205185
 0.184146484807
 0.2904542323874
 0.4713021984642
 0.7326052671482
 1.043692415896
 1.411030496719
 1.843150463256
 2.30371111904
 2.796721622837
 3.327103580765
 3.900990829834
 4.526163444683
 5.212695238988
 5.973954675663
 6.828219339706
 7.801419201223
 8.932112053452
 10.28130228195
 11.95416128306
 14.39628613392
 17.32709361024
 19.76125657734
 22.59274491559
 25.87060542986
 29.4248103861
 6.099067365645E-2
 0.1309815033691
 0.2372976581836
 0.4181602231004
 0.6794850628394
 0.9905992129207
 1.357970761801
 1.790132414352
 2.250740426339
 2.743805197855
 3.274249967198
 3.848210761402
 4.473470663559
 5.160107735937
 5.921496642618
 6.775924389665
 7.749335989769
 8.88031482835
 10.22991264721
 11.90339934553
 14.34675711606
 17.27974180665
 19.71655241152
 22.55253712002
 25.8384764937
 29.40699768879
 2.6828463896115E-2
 9.6822783324301E-2
 0.2031443062316
 0.3840161926608
 0.6453549335059
 0.9564863243934
 1.323879243344
 1.756067513539
 2.216705764056
 2.709805187747
 3.240290065318
 3.814297822516
 4.439613463921
 5.126317765464
 5.887789352226
 6.742321248321
 7.715868076124
 8.847029571679
 10.19688773605
 11.87077542022
 14.31492097668
 17.24929737488
 19.68780134551
 22.52666423235
 25.81778260395
 29.39550544401
 -5.7448034432112E-3
 6.4252827565852E-2
 0.1705794445547
 0.3514601767029
 0.6128121091495
 0.9239598609531
 1.291373059454
 1.723586589159
 2.184253535544
 2.677385843879
 3.207908784242
 3.781961109961
 4.407329649424
 5.094097754363
 5.855647809749
 6.710278552442
 7.683953727495
 8.815288594022
 10.16539388359
 11.83966222662
 14.28455575794
 17.22025393442
 19.66036687524
 22.50196623744
 25.7980141596
 29.38451303428
 -1.9268115974113E-2
 5.0730885370678E-2
 0.1570596102977
 0.3379440028223
 0.5993013939923
 0.9104559160112
 1.277877506306
 1.710101488587
 2.170780309606
 2.663926226016
 3.194464917348
 3.76853568636
 4.393926116253
 5.08072062481
 5.84230315316
 6.696974802645
 7.67070309429
 8.802109712693
 10.15231728264
 11.82674318307
 14.27194634178
 17.2081917884
 19.64897110577
 22.49170431351
 25.78979635422
 29.37993939962
 -5.9907247030976E-3
 6.4006931249155E-2
 0.1703335866072
 0.3512143853824
 0.6125664171898
 0.9237142922263
 1.291127643476
 1.72334136344
 2.184008525969
 2.677141082
 3.207664309063
 3.781716970486
 4.407085908399
 5.093854493933
 5.855405140386
 6.710036627654
 7.683712769514
 8.815048942029
 10.16515609323
 11.83942730394
 14.28432647058
 17.22003460694
 19.66015967425
 22.50177966718
 25.79786477453
 29.38442991499
 5.6140940386764E-3
 7.56105719879E-2
 0.181935415267
 0.3628130674197
 0.6241604066711
 0.9353024617452
 1.30270859907
 1.734913333598
 2.195570288267
 2.688691146348
 3.21920083341
 3.793237640501
 4.418587760933
 5.105333649496
 5.866856381886
 6.72145270563
 7.695083188966
 8.826357685245
 10.17637692061
 11.85051270632
 14.29514575572
 17.23038357913
 19.66993606633
 22.5105820375
 25.80491188597
 29.38835013841
 -1.2275938780797E-2
 5.7722354367643E-2
 0.1640499899015
 0.3449324907247
 0.6062870607973
 0.9174380839314
 1.284855337298
 1.717073917624
 2.177746601754
 2.670885485416
 3.201416036529
 3.775477273896
 4.400856390621
 5.087637253532
 5.849202999504
 6.703853507864
 7.677554348124
 8.80892388401
 10.15907859351
 11.83342306453
 14.27846619788
 17.21442878939
 19.65486367738
 22.49701079912
 25.79404611683
 29.38230491007
 -4.6226360485399E-2
 2.3775364689713E-2
 0.1301082795902
 0.3109999478966
 0.5723681894694
 0.8835361688023
 1.250974439714
 1.683219198976
 2.143921623763
 2.637094589731
 3.167664590373
 3.741772020684
 4.367205964416
 5.05405295868
 5.815700038329
 6.670453005546
 7.644286888647
 8.77583614773
 10.12624705571
 11.80098620475
 14.24680501225
 17.18413882462
 19.62624372017
 22.47123327806
 25.7733958728
 29.37080456476
 -6.5556484105733E-2
 4.4471877163363E-3
 0.1107830970785
 0.2916799651984
 0.5530559612914
 0.8642335582693
 1.231683750494
 1.663943358727
 2.124662652837
 2.617854950912
 3.148447328232
 3.722580960492
 4.348046004009
 5.034930510785
 5.796623727111
 6.651434815498
 7.625344170937
 8.756995386688
 10.10755164273
 11.78251471919
 14.22877367654
 17.16688576386
 19.609938842
 22.45654306977
 25.76162085919
 29.36424020287
 -5.0434160790934E-2
 1.9567988590022E-2
 0.1259015560318
 0.3067943574608
 0.5681642888663
 0.8793343640344
 1.246775232783
 1.679023227859
 2.139729328719
 2.632906507427
 3.163481384254
 3.737594524314
 4.363035245075
 5.049890413749
 5.811547547067
 6.666313179427
 7.640163508529
 8.771734984531
 10.12217756422
 11.79696550659
 14.2428802183
 17.18038359739
 19.62269505838
 22.46803632831
 25.77083375845
 29.36937664726
 -7.0892180501765E-3
 6.2908549308765E-2
 0.1692353760397
 0.3501164723991
 0.611468947994
 0.9226173734401
 1.290031406931
 1.722245976674
 2.182914104592
 2.676047766936
 3.206572274523
 3.780626435348
 4.405997152903
 5.092767884986
 5.8543211714
 6.70895598426
 7.682636444305
 8.813978449938
 10.164093916
 11.8383779351
 14.28330227168
 17.21905489383
 19.65923412454
 22.50094626652
 25.79719746867
 29.38405861
 4.8319950772748E-2
 0.1183120768039
 0.2246302256936
 0.4054962532525
 0.6668262568001
 0.9779468112709
 1.345326298412
 1.777497838499
 2.238117083028
 2.731194726561
 3.261654394595
 3.835632633709
 4.460913240714
 5.147575285836
 5.908994904406
 6.763461337761
 7.736923167842
 8.867969852911
 10.21766437313
 11.89130000709
 14.33495036435
 17.26845188993
 19.70589126871
 22.54294447168
 25.83080580005
 29.40273957074
 0.1087218141321
 0.1787077394383
 0.2850163500081
 0.4658658146307
 0.7271711180708
 1.038261038444
 1.405602554673
 1.837726800147
 2.298292316867
 2.791308391006
 3.321696796199
 3.895591594227
 4.520773168494
 5.207315768707
 5.968588494187
 6.822869896762
 7.796091490205
 8.926813693891
 10.2760457525
 11.94896916852
 14.39122052774
 17.32225135649
 19.75668585104
 22.58863510166
 25.8673230935
 29.42299228729
 0.1677428482708
 0.2377226627059
 0.344021873195
 0.5248550149894
 0.7861359765347
 1.097195707318
 1.464499803964
 1.896577442097
 2.357090012524
 2.850045413838
 3.380363595239
 3.954176170598
 4.579260160742
 5.265685066887
 6.026813057926
 6.880912157396
 7.853897069982
 8.984299620582
 10.33307614985
 12.00529814089
 14.44617211477
 17.37477174949
 19.80625169656
 22.63318825371
 25.90288510984
 29.44266996171
 0.2166952632276
 0.2866699700363
 0.3929613237072
 0.5737808225271
 0.8350414386963
 1.146075936679
 1.513348757893
 1.945387441858
 2.405855760633
 2.898760453341
 3.429019944717
 4.002763803282
 4.627766240367
 5.314092789937
 6.075099831004
 6.929046592097
 7.90183373736
 9.031969209647
 10.38036517121
 12.05200125219
 14.49172499041
 17.4182953814
 19.8473109971
 22.67007092316
 25.9322899838
 29.45890694649
 0.2791449825867
 0.3491131214202
 0.4553943719097
 0.6361963271183
 0.897430781149
 1.20843283249
 1.575665437267
 2.00765403144
 2.468065449347
 2.960904939541
 3.491088967026
 4.064744471073
 4.689642051629
 5.37584214333
 6.136693683577
 6.990444597699
 7.962977506843
 9.092769667606
 10.44067648625
 12.11155961698
 14.54980561155
 17.4737703219
 19.89962389469
 22.71703048353
 25.96968316252
 29.47951083928
 0.362326375816
 0.4322856747879
 0.5385533274068
 0.7193316707807
 0.9805309136136
 1.291489295976
 1.658667775292
 2.09058895693
 2.550923797097
 3.043675538913
 3.573758010834
 4.147294615013
 4.772051093293
 5.458081021037
 6.218723326501
 7.072210733417
 8.04440160001
 9.173731924758
 10.52098082106
 12.19085140574
 14.62711091493
 17.54757528248
 19.96918522047
 22.77941755956
 26.01928180108
 29.50676375153
 0.3859549126057
 0.4559116813083
 0.5621754417617
 0.7429470266616
 1.004136190961
 1.315082074001
 1.682245061187
 2.114146947801
 2.574459869941
 3.067186496857
 3.59723990256
 4.170742477095
 4.795458572275
 5.481439800935
 6.242022227753
 7.095434227659
 8.067527218481
 9.196725398214
 10.54378606274
 12.21336700213
 14.64905842098
 17.56852227321
 19.98892010044
 22.79710540339
 26.03332738619
 29.51446555508
 0.288656992684
 0.3586241259667
 0.4649038296709
 0.6457030989791
 0.9069335476402
 1.217930631492
 1.585157079281
 2.01713800495
 2.477540711687
 2.970370219881
 3.500542694563
 4.074184672556
 4.699066201048
 5.38524693419
 6.146074670448
 6.999795605278
 7.972289598651
 9.102029211509
 10.44986116615
 12.12062906859
 14.55864895714
 17.48221511257
 19.90758526108
 22.72417398648
 25.97536694251
 29.4826383131
 0.1494168480363
 0.2193985654115
 0.3257007031062
 0.5065389278585
 0.7678274694981
 1.078896601329
 1.446212350407
 1.878304501974
 2.33883355969
 2.831807854203
 3.362147902782
 3.935986081492
 4.561100458126
 5.247562012362
 6.008735070859
 6.862890935017
 7.835949542663
 8.966451620571
 10.31536997822
 11.98781034446
 14.42911309696
 17.35846941807
 19.79086869675
 22.6193643831
 25.89185588119
 29.43657189092
 5.4992331380158E-2
 0.1249837750647
 0.2313008743277
 0.4121650792459
 0.6734923647043
 0.9846095480762
 1.351984856728
 1.784151192276
 2.244764524285
 2.737835392316
 3.268287218051
 3.842256274589
 4.467525983053
 5.154174883094
 5.915578335598
 6.77002440528
 7.743459795259
 8.874470767089
 10.22411438507
 11.89767162075
 14.34116796088
 17.27439741801
 19.71150578945
 22.54799646937
 25.83484585692
 29.40498252615
 5.4534035100785E-3
 7.5449897784284E-2
 0.1817747661756
 0.3626524619348
 0.6239998662165
 0.9351420019446
 1.302548239241
 1.734753098291
 2.195410194421
 2.688531214614
 3.219041089315
 3.793078116116
 4.418428497321
 5.105174700418
 5.866697819638
 6.721294630674
 7.694925746737
 8.826201097706
 10.17622155137
 11.8503592137
 14.29499595067
 17.23024029084
 19.66980071124
 22.5104601762
 25.80481433679
 29.38829588493
 -3.3649596932469E-2
 3.6350858806022E-2
 0.1426818209756
 0.3235700984134
 0.5849332831666
 0.8960949907257
 1.263525487636
 1.695760563772
 2.156451987989
 2.649612347447
 3.18016775628
 3.754258100424
 4.37967176427
 5.066494297165
 5.828111292048
 6.682826360128
 7.656611030672
 8.788093809195
 10.13840994614
 11.81300309456
 14.25853494694
 17.19536143693
 19.63684838084
 22.48078594066
 25.78105022721
 29.37506911122
 -6.3792807870249E-2
 6.2106865629252E-3
 0.1125463230536
 0.2934427173383
 0.5548180067967
 0.8659947273609
 1.233443833247
 1.665702088354
 2.126419845229
 2.619610381641
 3.150200719851
 3.724331964411
 4.349794173893
 5.036675262244
 5.798364274223
 6.653170066105
 7.627072543789
 8.758714468175
 10.10925747836
 11.78420014738
 14.23041899031
 17.16846014151
 19.61142678757
 22.45788380475
 25.76269573568
 29.36483963017
 -8.741856907109E-2
 -1.7412702087576E-2
 8.8926584020414E-2
 0.2698293157888
 0.531214056401
 0.8424024989121
 1.209866134491
 1.642142487592
 2.102880804969
 2.596094903672
 3.126712515113
 3.700875695461
 4.326375810691
 5.01330262135
 5.775047867928
 6.629924503018
 7.603918974833
 8.735685178622
 10.08640536624
 11.76162101458
 14.20837647522
 17.14736664451
 19.59148978226
 22.4399169358
 25.74828818254
 29.35680157327
 -9.5156482529317E-2
 -2.5149840226685E-2
 8.1190638530156E-2
 0.2620954413103
 0.5234832704479
 0.8346755435604
 1.202143927292
 1.634426194649
 2.095171231031
 2.588393029731
 3.119019553923
 3.693193170778
 4.318705673561
 5.005647426334
 5.767411050635
 6.622310837887
 7.596335374628
 8.728142195439
 10.07892028988
 11.75422515974
 14.20115602386
 17.14045644103
 19.58495772827
 22.43402926767
 25.74356529439
 29.3541650551
 -0.1040147063703
 -3.4007177547846E-2
 7.2334664915058E-2
 0.2532418357454
 0.5146331963885
 0.8258298495213
 1.193303662436
 1.625592692343
 2.086345411467
 2.579576014629
 3.110212730015
 3.684398280425
 4.309924947721
 4.996883786086
 5.758668424539
 6.613594685481
 7.587653600699
 8.719506866542
 10.07035117767
 11.745758075
 14.19288952636
 17.13254476202
 19.57747856978
 22.42728726142
 25.73815612017
 29.35114445733
 -0.1101599498267
 -4.015180665466E-2
 6.6190980843262E-2
 0.2470997927102
 0.5084936006553
 0.8196932891063
 1.187170864405
 1.619464580716
 2.08022262394
 2.573459328561
 3.104103106422
 3.678296926783
 4.303833410113
 4.990804088869
 5.75260329029
 6.607547897809
 7.581630637886
 8.71351609123
 10.06440629271
 11.73988389988
 14.18715437273
 17.12705553981
 19.5722891643
 22.4226089111
 25.73440203111
 29.3490474884
 -0.1158071134653
 -4.5798406212838E-2
 6.0545248992932E-2
 0.2414555676197
 0.502851622619
 0.8140540980287
 1.181535127864
 1.613833147132
 2.074596078838
 2.567838385706
 3.098488648212
 3.672690061916
 4.298235558204
 4.98521710869
 5.747029681731
 6.601991135029
 7.576095751159
 8.708010759381
 10.05894309828
 11.73448563365
 14.18188376447
 17.12201077262
 19.56751974214
 22.41830888282
 25.73095108518
 29.34711941205
 -0.1198985821505
 -4.9889466496091E-2
 5.6454816942144E-2
 0.2373662264842
 0.498763908383
 0.8099684015921
 1.177451932565
 1.609753067243
 2.070519538293
 2.563765901286
 3.094420858798
 3.668627770237
 4.294179792101
 4.981169213973
 5.74299146841
 6.597965118528
 7.572085573614
 8.704021980641
 10.05498482883
 11.73057437561
 14.17806493966
 17.11835547955
 19.56406383896
 22.41519292034
 25.72845013824
 29.34572184705
 -0.1237673218174
 -5.3757820212819E-2
 5.2587056920965E-2
 0.2334994974058
 0.4948987167667
 0.8061051168494
 1.173591011464
 1.605895090291
 2.066664906122
 2.559915102274
 3.090574496711
 3.664786603684
 4.290344792438
 4.977341653049
 5.73917305677
 6.59415823338
 7.568293656982
 8.700250286933
 10.05124196811
 11.72687594379
 14.17445386505
 17.11489896175
 19.56079577769
 22.41224618348
 25.72608481374
 29.34439986711
 -0.1262861882675
 -5.6276435492368E-2
 5.0068828009637E-2
 0.2309819394166
 0.4923821593354
 0.803589800384
 1.171077233224
 1.603383228063
 2.064155220633
 2.557407911357
 3.08807019329
 3.66228568146
 4.287847883561
 4.974849585234
 5.736686943236
 6.591679621212
 7.565824786258
 8.697794577253
 10.048805023
 11.72446791335
 14.17210268824
 17.11264837612
 19.55866785137
 22.41032740779
 25.72454452068
 29.34353889135
 -0.1298819046008
 -5.9871793432796E-2
 4.6474021374293E-2
 0.2273880901141
 0.48878973772
 0.7999991494927
 1.167488777215
 1.599797505998
 2.060572604545
 2.553828854762
 3.084495256856
 3.658715569648
 4.284283498395
 4.971292107792
 5.733137961987
 6.588141343726
 7.562300408961
 8.694288979691
 10.04532620109
 11.72103035088
 14.16874625358
 17.10943548491
 19.55563000155
 22.40758804426
 25.7223453582
 29.34230948331
 -0.1337231114161
 -6.3712617590094E-2
 4.2633785848743E-2
 0.2235488767386
 0.4849520486955
 0.7961633510827
 1.163655322297
 1.595966970136
 2.056745384964
 2.550005435688
 3.080676236926
 3.65490170103
 4.280475744202
 4.96749172909
 5.729346654834
 6.584361465217
 7.558535372046
 8.690543994485
 10.04160980528
 11.71735800979
 14.1651605382
 17.10600304578
 19.55238448107
 22.40466128588
 25.71999556753
 29.3409956807
 -0.1375473788578
 -6.753650426972E-2
 3.8810484884371E-2
 0.2197265928601
 0.4811312816162
 0.7923444652526
 1.159838768352
 1.59215332079
 2.052935035479
 2.546198867897
 3.076874046506
 3.651104636435
 4.276684763788
 4.9637080877
 5.72557204016
 6.58059822274
 7.554786897914
 8.686815473198
 10.03790973263
 11.71370177541
 14.16159050553
 17.10258554431
 19.54915299873
 22.40174705448
 25.71765564191
 29.33968720056
 -0.1412176276295
 -7.1206387809687E-2
 3.514116316982E-2
 0.2160582467473
 0.477464390437
 0.7886793785931
 1.15617591847
 1.588493257042
 2.049278137009
 2.54254559689
 3.073224974352
 3.647460481068
 4.273046444492
 4.96007680816
 5.721949419267
 6.576986510367
 7.551189351792
 8.683237066551
 10.0343586151
 11.71019270982
 14.15816413056
 17.0993054927
 19.54605140393
 22.3989498347
 25.71540948796
 29.33843097593
 -0.1448333989717
 -7.4821799528463E-2
 3.1526304649425E-2
 0.2124443488481
 0.4738519251312
 0.7850686900997
 1.15256743241
 1.584887514342
 2.045675510993
 2.538946542651
 3.06963005451
 3.643870402548
 4.269462112473
 4.956499407867
 5.718380544768
 6.573428377044
 7.547645167448
 8.679711728224
 10.03086014766
 11.70673565023
 14.15478849651
 17.09607394808
 19.54299559969
 22.39619379291
 25.71319622681
 29.33719297375
 -0.1478221462034
 -7.7810249640589E-2
 2.8538311587885E-2
 0.2094571494488
 0.4708659093363
 0.7820841423026
 1.149584704259
 1.58190705275
 2.042697624401
 2.53597160706
 3.066658534763
 3.640902882706
 4.266499340407
 4.953542362821
 5.71543054378
 6.5704872505
 7.544715565695
 8.676797697314
 10.02796831798
 11.7038780328
 14.15199815608
 17.09340266353
 19.54046952912
 22.39391543088
 25.71136644061
 29.33616934056
 -0.1494374834655
 -7.9425426370365E-2
 2.6923381800489E-2
 0.2078426484734
 0.4692520478571
 0.7804710739764
 1.14797261908
 1.580296192184
 2.041088155099
 2.534363732175
 3.065052505447
 3.63929901453
 4.264898037445
 4.95194415416
 5.713836141022
 6.568897642606
 7.543132184666
 8.675222729262
 10.02640534538
 11.70233354538
 14.15049001943
 17.09195885585
 19.53910418661
 22.39268394141
 25.71037736442
 29.3356159748
 -0.1505292075406
 -8.0517041970747E-2
 2.5831933063564E-2
 0.2067514894927
 0.4681613209958
 0.7793808830633
 1.146883092499
 1.579207493096
 2.040000396115
 2.533277050569
 3.063967070929
 3.638215040337
 4.26381579662
 4.950864004219
 5.71275856281
 6.567823304391
 7.542062054086
 8.674158283534
 10.02534900528
 11.70128969625
 14.14947073369
 17.09098303985
 19.53818139362
 22.39185160225
 25.70970884815
 29.33524193556
 -0.1552341771971
 -8.5221544330947E-2
 2.1128149532126E-2
 0.2020489541982
 0.4634606472234
 0.7746825180965
 1.142187589398
 1.574515554753
 2.035312507642
 2.528593803332
 3.059289196027
 3.633543456383
 4.259151679862
 4.946208894823
 5.708114532235
 6.563193231517
 7.53745010749
 8.669570827081
 10.0207964678
 11.69679097009
 14.14507782868
 17.08677741079
 19.53420420635
 22.38826414292
 25.70682730174
 29.33362951136
 -0.1522049663008
 -8.2192634259099E-2
 2.4156596854283E-2
 0.2050765979614
 0.466487092622
 0.7777074771892
 1.145210706149
 1.577536376672
 2.038330722434
 2.531609030302
 3.062300964524
 3.636551175045
 4.262154591468
 4.949206007881
 5.711104513225
 6.566174227134
 7.540419434173
 8.672524388025
 10.02372754932
 11.69968740998
 14.14790614477
 17.08948516453
 19.53676489494
 22.39057393036
 25.70868262012
 29.33466772363
 -0.1522049663008
 -8.2192634259099E-2
 2.4156596854283E-2
 0.2050765979614
 0.466487092622
 0.7777074771892
 1.145210706149
 1.577536376672
 2.038330722434
 2.531609030302
 3.062300964524
 3.636551175045
 4.262154591468
 4.949206007881
 5.711104513225
 6.566174227134
 7.540419434173
 8.672524388025
 10.02372754932
 11.69968740998
 14.14790614477
 17.08948516453
 19.53676489494
 22.39057393036
 25.70868262012
 29.33466772363
 -9999.
 -9999.
 -9999.
 -9999.
 -9999.
 -9999.
 -9999.
 -9999.
 -9999.
 -9999.
 -9999.
 -9999.
 -9999.
 -9999.
 -9999.
 -9999.
 -9999.
 -9999.
 -9999.
 -9999.
 -9999.
 -9999.
 -9999.
 -9999.
 -9999.
 -9999.
 -9999.
 -9999.
 -9999.
 -9999.
 -9999.
 -9999.
 -9999.
 -9999.
 -9999.
 -9999.
 -9999.
 -9999.
 -9999.
 -9999.
 -9999.
 -9999.
 -9999.
 -9999.
 -9999.
 -9999.
 -9999.
 -9999.
 -9999.
 -9999.
 -9999.
 -9999.
 -9999.
 -9999.
 -9999.
 -9999.
 -9999.
 -9999.
 -9999.
 -9999.
 -9999.
 -9999.
 -9999.
 -9999.
 -9999.
 -9999.
 -9999.
 -9999.
 -9999.
 -9999.
 -9999.
 -9999.
 -9999.
 -9999.
 -9999.
 -9999.
 -9999.
 -9999.
 -9999.
 -9999.
 -9999.
 -9999.
 -9999.
 -9999.
 -9999.
 -9999.
 -9999.
 -9999.
 -9999.
 -9999.
 -9999.
 -9999.
 -9999.
 -9999.
 -9999.
 -9999.
 -9999.
 -9999.
 -9999.
 -9999.
 -9999.
 -9999.
 -9999.
 -9999.
 282.7284283921
 282.3167823238
 282.2467364572
 282.1721353951
 285.7023647491
 295.7180921611
 302.6920055607
 306.8246959528
 309.4941414708
 310.6447510598
 312.2404188347
 314.9471214655
 317.3209203922
 317.7552802856
 320.6558984714
 322.9198136284
 326.1538508658
 331.1268178094
 343.7455411207
 362.1070051011
 388.7929878903
 434.4477554557
 486.3220703869
 553.8574313822
 639.6742853157
 731.0131138461
 282.973022939
 282.9243016171
 282.861826218
 282.8209874221
 284.6071572616
 292.6293941278
 303.2690133862
 307.5617657467
 309.6746863404
 311.0064658416
 312.2310215921
 314.2811657804
 316.9140795248
 317.1962028705
 320.1206811816
 322.8500853217
 326.6264114099
 331.8336736681
 344.9215376247
 363.4763410313
 390.0570560831
 436.8102797874
 489.09680201
 556.1858152517
 641.0898304913
 734.05008174
 283.9078649225
 283.742824982
 283.7470239864
 283.7207727962
 283.7651827166
 288.5053053873
 301.9643360385
 307.9304201411
 309.5165483326
 311.0074135253
 312.11079462
 313.9100047811
 316.2196669582
 316.4996120035
 319.3803189596
 322.0021792188
 326.3974965423
 332.3541483004
 345.6035707435
 363.1795698573
 390.1137334125
 437.7702824548
 490.5796439829
 556.9075196713
 641.5805401435
 734.8495518998
 283.6025065997
 283.4343399659
 283.4412315222
 283.4185409514
 283.3483783181
 286.643910787
 300.1378660756
 307.4926916676
 308.8216256638
 310.6466207778
 311.7218900951
 313.3765490882
 315.5827249166
 315.9152068928
 319.191116171
 321.1162873191
 325.349984654
 332.3247211011
 345.6143110006
 361.9700223986
 390.1999110643
 438.4263905116
 490.4397046477
 557.5151794604
 642.3823578829
 731.6360250227
 283.6205099445
 283.4320139668
 283.4393526016
 283.4079741184
 283.3840206978
 285.7135983165
 299.3168380114
 306.5457135527
 307.8693877681
 310.0701130793
 311.1426703375
 312.3411085104
 314.8203722566
 315.852692091
 319.8175920799
 320.9678253746
 324.1433532031
 331.3017825955
 345.0169173526
 361.2649566076
 391.5626582985
 439.0496995505
 488.4442895258
 560.3138044206
 642.5839618
 725.3391588115
 282.8548197601
 282.6705039229
 282.67834307
 282.6481199283
 282.633068974
 283.4763389296
 296.0105520592
 304.4787606628
 306.2458232499
 308.8615984301
 310.1103125231
 311.1990060123
 313.5870993284
 315.3959722938
 319.6885990884
 321.2158298985
 323.2116202862
 328.7274006375
 342.9400190335
 360.8037443279
 392.1925888255
 436.4030773507
 484.8485838614
 562.2909621665
 637.9697111516
 720.2107522833
 281.7191024794
 281.5486080013
 281.5538044629
 281.5002330119
 281.4609988415
 281.5055322019
 290.2500117345
 301.2047676653
 304.0099569419
 307.2739068773
 308.6994436656
 310.1858005804
 312.5109889589
 314.4640938246
 318.5449278558
 320.8312127811
 322.8636829306
 326.6048641026
 340.1357488441
 359.9130592337
 391.1965496597
 431.5589268724
 482.4134100784
 561.0113371667
 631.1891512364
 719.4123395315
 281.3958801063
 281.2312095369
 281.241515852
 281.1833336137
 281.1414612565
 280.9140307034
 285.8593254831
 297.5729885126
 301.9745747304
 306.131862788
 307.828954544
 309.5460636576
 312.0010407179
 313.8944767759
 317.8929743545
 320.3423539085
 322.6150017349
 326.1007882833
 338.549875455
 359.2521435118
 389.9302751922
 429.2891199167
 483.4694034206
 557.5387682596
 628.100030886
 722.8922727893
 281.243909579
 281.1203869671
 281.132305634
 281.1085666998
 281.1025885204
 280.8258250397
 283.0657135471
 293.9503997078
 300.2634658733
 305.0229453908
 307.1941637677
 308.8108629658
 311.6481189669
 314.09242742
 317.8115014975
 319.89471428
 322.1937454825
 326.153995047
 337.8460048915
 358.6248357678
 388.6040804764
 429.8266633364
 485.476430486
 553.1625389666
 628.162899634
 727.5402103581
 280.8167521368
 280.6950992937
 280.7040337789
 280.6880493511
 280.6808528412
 280.5833259454
 281.3953825742
 289.7429421813
 297.8441668959
 303.0161339917
 305.9236561399
 307.3209008329
 310.4750773908
 314.299211344
 317.7176201036
 319.2786128671
 321.7220475506
 325.3022467191
 336.7785564814
 357.0990376752
 386.9214415923
 430.1207995406
 484.6331681289
 549.5399227704
 627.1573276943
 729.2337163004
 279.9979669838
 279.8357131732
 279.8400757711
 279.8136725866
 279.8634289179
 280.0574351849
 281.0878420759
 285.8198004266
 293.9667674575
 299.7163393125
 303.7072662518
 305.4780336091
 308.4651620826
 313.8038359849
 317.5404891318
 318.709970424
 321.5359731981
 323.6567764537
 335.2355977359
 355.0034632313
 385.1171716578
 428.950290789
 481.7694376223
 547.1585827447
 623.8289516743
 727.4956702269
 278.0447269676
 277.9191624239
 277.922478335
 277.8732497608
 278.7496834635
 280.2286163898
 281.0807477446
 283.6369684056
 289.7288750215
 295.7215647162
 300.5761714718
 303.6188127916
 306.558717711
 312.5296420995
 317.100875431
 318.3131415052
 321.4695872531
 322.658839435
 333.7731396799
 353.3159769558
 383.3155126388
 427.8911636325
 479.2092661541
 544.9266246435
 620.8828682717
 724.7037049539
 275.555530164
 275.508154147
 275.4606342752
 275.6079763639
 277.8855317149
 280.3398258199
 281.3658860047
 283.1481529377
 287.1393142926
 292.5776989927
 297.4238115803
 301.4460458376
 305.0245819329
 310.7540301696
 316.0716975267
 317.8114098076
 321.4989313612
 323.5137292042
 332.7990297761
 352.4922697659
 382.2098949877
 428.7918778432
 477.1605405994
 542.7629543107
 621.1468570464
 722.5610700371
 275.1519700273
 275.0273790238
 275.0308772553
 274.9893678685
 277.1232429868
 280.5885094716
 281.6761049792
 283.2694501408
 286.3904080877
 290.9675985972
 295.0522094221
 298.9186538798
 303.0740481683
 308.6836861019
 314.4848463268
 316.7797638314
 321.5711436319
 325.5944692517
 332.884836653
 352.3963438977
 382.3009120569
 431.0878698538
 475.0468115095
 541.5370744778
 624.0714637457
 721.0847536516
 273.5173220766
 273.5135286059
 273.5167952219
 273.8846320649
 276.3943171797
 280.8816793071
 281.9853972867
 283.4703476751
 286.3855935035
 290.3299698167
 293.5241359068
 296.2884866127
 300.1574105984
 306.3206733816
 312.8655898186
 315.261532831
 321.2295932492
 327.1967209516
 334.2534049573
 353.0329162804
 382.9534314703
 432.7897642296
 473.3729852777
 541.2969881494
 626.6063892154
 719.8052601197
 273.9837107875
 273.8625020284
 273.8576144587
 273.8373559292
 275.9011604707
 281.2642846302
 282.2664681992
 283.6231185095
 286.3259771205
 289.9441586103
 292.7766497729
 294.2915007124
 296.8156725878
 303.2822262558
 311.1797359645
 313.9209412152
 320.4961863187
 327.7348002518
 336.2606410664
 354.5896718337
 383.5642345499
 432.932479332
 473.2974124281
 541.9781750714
 626.8069875372
 718.3524530444
 274.4459258355
 274.3508879225
 274.2577159443
 274.3713309644
 275.4873390036
 281.6546952293
 282.6483993589
 283.8206560484
 286.234633177
 289.6963022174
 292.7403466932
 293.7063681797
 294.6063527238
 299.8468476492
 308.7998664691
 312.985463241
 319.7359031001
 327.8617177346
 338.3288820533
 356.8736022008
 384.3043644063
 431.9995844037
 474.770985415
 543.7074667225
 625.6279048106
 717.1015017505
 275.1988617167
 275.0629354998
 274.9836897525
 275.0580661017
 275.798153747
 282.3709693774
 283.1594532083
 284.1053513879
 286.1682874279
 289.5444078212
 293.1203544159
 294.5821958929
 294.6633999409
 297.578870192
 305.7845723519
 311.0589891689
 318.9876408068
 327.9830780106
 340.4417390654
 359.2484415847
 385.3983199993
 430.9737872715
 476.561880133
 545.6131759272
 625.9810105547
 717.8136445306
 275.9244636073
 275.8405189041
 275.7474135839
 275.8157078632
 276.3040796425
 283.1786915109
 283.7176197469
 284.4814809072
 286.1193987582
 289.3276169851
 293.5267600814
 296.1574536021
 296.6182829086
 298.2083610984
 303.1916369536
 306.8581606685
 317.2236163143
 328.2243373811
 342.4227173138
 360.914852807
 386.5703973075
 430.2861989719
 477.2170670459
 546.0631556862
 629.7226163461
 721.5796350144
 276.3971549175
 276.296049689
 276.185278321
 276.1862123122
 276.337252136
 283.4840257423
 284.2176400292
 285.1000237988
 286.5285916184
 289.4276957319
 293.9269081558
 297.4080762836
 298.4391561744
 299.2363330351
 302.8791057041
 303.7185087243
 312.873466973
 328.4832750564
 343.5343930806
 361.5413910374
 387.5784920608
 429.8961769101
 476.1001690396
 545.1110844696
 634.9332327904
 727.0695188201
 276.0442921781
 275.9452467576
 275.9414262529
 275.9495909495
 275.9613162747
 282.6736358818
 284.5649726494
 285.9727729536
 287.6844979007
 290.1784661397
 294.2342301099
 297.7345601363
 299.2505448788
 299.990831821
 302.8552984196
 302.9435433903
 309.194092436
 328.1775533738
 343.7240360697
 361.42166107
 388.3892111709
 430.0768489696
 474.4264876328
 544.4024330462
 638.8102994455
 731.89274234
 275.2263988953
 275.150044859
 275.088628331
 275.1082775902
 275.5210659404
 281.1464686371
 284.426927796
 286.6549909401
 289.098385009
 291.2974252816
 294.3573343489
 297.3324783998
 299.8289643482
 301.1019496276
 302.9695639587
 303.1427060045
 307.3986177549
 327.8487539384
 344.1376932519
 360.9739931999
 388.8611964651
 431.0773073116
 474.1610225845
 544.6389157556
 640.5419132721
 734.9205724014
 274.2031745575
 274.3417798472
 274.601733999
 275.2876129766
 274.9051586117
 279.804350296
 284.0003420157
 287.0407898118
 290.391958382
 292.8594113605
 295.4097615735
 297.9038086198
 300.3749590182
 302.1589359724
 303.1512573495
 303.2601709382
 307.5873087211
 328.4330399578
 345.1215766012
 360.9752379231
 388.9117978611
 432.4916724131
 476.2033439955
 545.1053507789
 641.3536029112
 737.3097646867
 274.6736541914
 274.6019053855
 274.6360508445
 274.8361592012
 275.1783029445
 279.7511629233
 284.6766548346
 288.368807213
 291.6745414164
 294.0497286047
 296.6135864959
 298.4894396625
 300.6452085728
 302.3322318964
 303.1830426502
 303.8418059684
 309.9324118093
 329.7120324825
 345.7749313641
 361.8174160228
 388.8471814606
 433.7330942737
 479.9342722166
 544.6471564642
 642.5345352191
 742.3113574788
 274.9114216043
 274.9617640328
 274.9844725147
 275.2747931317
 276.8820851902
 282.3424501252
 286.8477803375
 290.1601437758
 292.5393129739
 294.2623794055
 296.4216838536
 297.9743150913
 300.1524121198
 301.6716740116
 303.8397353763
 305.9790542723
 313.4749802378
 330.8280143923
 345.7392377622
 362.5286927526
 389.0501033401
 434.3382715327
 483.6725796911
 544.7962263596
 642.5470774635
 746.8508156977
 276.7599627015
 276.7614511503
 276.8534779732
 277.0362096134
 281.3592040431
 286.2256996506
 289.4187260318
 291.5019092279
 292.8174912624
 293.9459232533
 294.9797013132
 297.5034057985
 300.2139218013
 301.8212459056
 305.8734486033
 308.7469883098
 316.5529363527
 331.0609204809
 345.1072119542
 362.2674542931
 389.5607507855
 434.6521173629
 485.3736321348
 549.1048959825
 640.1375402487
 743.8187359873
 279.5152003059
 279.4680213274
 279.4936348872
 279.735744232
 285.9062745256
 289.5035291842
 291.3955214159
 292.5416676531
 293.35656672
 293.7675946588
 296.3312350662
 298.9468477099
 301.4908568522
 303.5964161088
 308.0612980829
 310.8253599665
 318.3020057528
 330.5115318357
 343.6243152443
 361.1443524886
 390.1475804457
 435.0367736041
 484.493339977
 555.9526559408
 636.4437334182
 735.2929607762
 282.8137502443
 282.7700665714
 282.797445552
 283.4868538738
 289.0547863068
 291.2619846952
 292.3764992122
 293.3403526853
 294.3943861585
 295.8140843339
 298.6747803169
 300.6747248361
 302.8178492988
 305.6668468336
 309.7780267797
 312.2411911273
 319.406955729
 329.5026586824
 341.710059496
 359.5838468635
 390.2846933375
 435.5149415008
 484.619596609
 559.9180506076
 633.3769329008
 729.1875782308
 286.1619830438
 286.041577678
 286.3320785143
 287.017143745
 290.9965182462
 292.6532655063
 293.7086523598
 295.2692102362
 296.868143546
 298.5533378107
 300.8968364331
 302.6431880244
 305.2358900693
 306.5810060819
 311.7577223592
 314.2271551028
 320.4726225604
 327.9600539963
 339.1488891395
 357.4255533573
 390.736163374
 436.7983243372
 487.2728197711
 559.9417933231
 635.2322100024
 728.8582258969
 289.6502393755
 289.4973853089
 289.7758831016
 290.0621843507
 292.0932706058
 293.6138635577
 295.217237692
 297.4591231584
 299.0653410769
 300.5915210348
 302.3892049834
 306.037750783
 308.8725962651
 309.5664864295
 312.3929909321
 315.7378341995
 321.0106295087
 326.4516797974
 336.6423364639
 355.8196743698
 391.4405701419
 438.4097312227
 490.8840680335
 557.9869981451
 640.1762225072
 735.785017747
 290.9976488476
 290.9852639555
 291.0423667682
 291.5992336023
 292.5576068411
 293.7189915219
 295.8020623327
 298.5274013833
 300.3908539898
 302.1194539841
 304.3287272383
 308.3118740863
 311.234528356
 312.4613033631
 314.165886863
 316.2119660695
 320.2180363661
 325.1531780819
 334.2396206151
 353.7224912571
 390.7283781367
 440.1118776221
 492.0752583033
 554.9972136368
 641.5407411613
 746.2312304633
 290.6441568099
 290.675275051
 290.8323568665
 291.5251308455
 292.5839224173
 293.4413468263
 295.5989430453
 298.3860031964
 300.7286755152
 302.6677987131
 305.5342325658
 308.420199533
 311.8165393551
 314.125272796
 315.5373579742
 316.80964878
 318.8356744958
 324.2029127531
 332.9876937444
 351.2129208583
 386.9749523503
 439.5935969151
 489.7400979402
 553.3545424698
 638.1591657889
 748.1190980004
 290.0747872296
 290.086511261
 290.2262874582
 291.0644880673
 292.4395311109
 294.1566157287
 296.6619616613
 298.5988208717
 300.1382053032
 302.2690375647
 305.8273505791
 308.6556322204
 311.883913466
 313.6379475342
 315.933426117
 317.2123178527
 318.5245965538
 324.3374176576
 332.3133456224
 348.2025012159
 382.1745516968
 437.6695897014
 486.3524454406
 553.0898250508
 635.4478592617
 739.5371113439
 289.8530725663
 289.8228642156
 289.8594942038
 290.7125887648
 292.4307538484
 294.9829132635
 296.7336271911
 298.2483785103
 299.8454026596
 302.237959553
 305.6336097006
 308.40057232
 311.1406312037
 312.4544636646
 316.6545452689
 317.9499750777
 319.2648029057
 324.8813170547
 331.5340051032
 345.8152956471
 379.1558841028
 435.050720974
 483.5298839722
 553.1540680708
 636.1649368636
 729.0247285367
 289.6605717593
 289.6084917905
 289.6112682767
 290.4080435987
 292.3213275063
 295.3465045172
 296.6162761056
 298.0160589483
 299.8422642463
 302.4321672405
 305.6159373738
 308.7070233586
 310.8736739974
 311.6281457928
 317.4574359982
 318.7770823886
 320.2591421522
 324.5647444661
 329.7969280918
 344.5839018337
 379.0206977188
 431.4907414082
 481.1407994415
 553.1128757381
 638.0894259656
 723.0478279663
 288.6743571766
 288.6645700962
 288.7312801016
 289.655468444
 292.1017421203
 295.2398547811
 296.3760239512
 297.3583764224
 298.9876210538
 301.3915086401
 304.6612710728
 307.9624848837
 310.1150062075
 311.3598387436
 317.9356417234
 319.0212454587
 321.3912791251
 324.9655441906
 328.6694578177
 344.3606579282
 379.6770720212
 427.0467866803
 479.5822566079
 552.6197436587
 638.2073799246
 722.7725494037
 287.16779135
 287.1877235091
 287.4191230182
 288.5912007359
 292.0102483356
 294.7460732272
 295.9440608669
 296.8366268094
 298.2661068603
 300.4159009551
 304.3581852896
 307.7785930361
 309.9590799737
 311.0441248669
 317.1840869352
 320.210958748
 322.2577108029
 325.2016476311
 328.1232683103
 344.2901236226
 379.5386973441
 423.6143708953
 479.3549133998
 551.4212269102
 637.002061967
 727.4274638656
 284.1932727643
 284.7597783153
 285.7803096887
 287.9200711375
 291.7460885466
 294.3824861092
 295.7296170096
 296.9064262178
 298.4000510197
 300.5537052476
 304.1651616921
 307.834933079
 310.7280744481
 311.3890064997
 315.8624677316
 321.2098476062
 323.5272821568
 325.0555087171
 327.9502190742
 343.7571609496
 378.4028095261
 422.1910144763
 479.6982507935
 549.7348619916
 634.747855423
 733.4269767749
 283.3132162452
 283.8928615298
 285.1440450423
 287.2571067182
 291.1344293231
 294.1564263735
 295.9579911033
 297.4828415301
 299.1644393126
 301.2370930114
 304.2796557534
 307.9803045734
 311.5910235397
 312.1350355652
 315.5976957578
 319.8397804493
 324.0894256687
 324.9290322218
 328.9504914203
 343.3777523184
 376.9520945497
 422.4462097825
 480.2094775586
 548.6618025592
 631.5674411422
 738.2872748698
 282.8929513476
 283.2579460186
 284.3928122785
 286.5270676668
 290.7307899001
 293.9172259653
 296.0605534674
 297.6137633374
 299.129609956
 301.0816856811
 304.1544251958
 307.6673178745
 311.803079129
 312.7697707485
 316.8148243884
 318.8910088833
 324.0476952402
 324.2942406848
 330.230591524
 343.3613799563
 375.3309734244
 423.3950356405
 480.1932751218
 547.7505158569
 628.3156014796
 740.6448897165
 281.6785646016
 283.0089174204
 284.6501482874
 285.9998285704
 290.6257577844
 293.7284285896
 295.8813875472
 297.4739854195
 298.9244376916
 300.9022116397
 304.2807055841
 307.9935046724
 312.307504989
 313.4291052263
 317.629062032
 318.6146864073
 324.1277618396
 323.8741878426
 330.9833721209
 343.5620084936
 373.6612151232
 424.2033122516
 480.3131166915
 547.2071951932
 626.5572162321
 738.223405456
 281.210060112
 282.6508408728
 284.4563385119
 285.7646618893
 290.6697162964
 293.5630689896
 295.4879233217
 297.1592597
 298.7860105585
 300.9376404532
 304.5014569782
 308.5339022834
 312.7973045179
 314.0222102311
 318.4736769274
 318.3529458063
 324.1707302209
 323.5906617627
 331.2022120761
 343.4564024
 372.6958235643
 424.9388970079
 480.6996347413
 546.5066424916
 627.0518394453
 731.0232327589
 281.094375379
 282.18010275
 284.0656513041
 285.7299239101
 290.7956331571
 293.4814633958
 295.1378773294
 296.8790050396
 298.7954122827
 301.2809834634
 305.0488116958
 309.1329420469
 313.181431093
 314.6608810092
 318.8529030819
 318.0714263128
 323.8274182884
 323.995624216
 330.9132018978
 343.5969161281
 372.5187924247
 424.8498520971
 480.5848036467
 545.549006774
 628.7546635191
 724.4141349582
 281.0388811424
 282.1217501742
 283.6482460615
 285.7436720694
 290.7995385442
 293.3123487609
 294.7927204654
 296.6321540236
 298.8409881422
 301.6403727106
 305.5254245912
 309.4809005312
 313.3455797441
 315.2510996528
 319.2215711008
 318.4471973235
 322.3024738243
 325.6480676634
 330.1500580771
 343.9774594402
 372.7505750057
 424.0785136102
 479.6635551507
 544.7317549055
 629.1189363416
 723.054513767
 280.9958725773
 282.0425255603
 283.5821981969
 285.6901924239
 290.7831404197
 293.0884263645
 294.5205854988
 296.5272489976
 298.9810488089
 302.0088403587
 305.9795783262
 309.809411712
 313.5456166909
 315.9501297769
 319.2907514929
 319.4915796756
 320.4628177917
 326.0120882239
 330.6045850706
 344.6137160869
 372.9403538253
 423.1653416621
 478.1824140397
 544.3723663158
 628.0208964403
 724.8238887722
 281.0650687895
 281.9528605334
 283.4405922859
 285.4599160399
 290.5895096123
 292.7615742491
 294.2612328465
 296.4565008785
 299.0206852686
 302.0886967262
 306.0845214189
 309.870119705
 313.6206516076
 316.0401189594
 319.4387494224
 320.9997769744
 320.9461411231
 323.7122799874
 332.2872988142
 344.8458279203
 372.9773039963
 422.5982091867
 476.7405723347
 543.9578448144
 626.8864002931
 725.7556631466
 281.7109438509
 282.313280386
 283.5706308356
 285.3671519947
 290.1815223043
 292.3826675917
 294.0387327836
 296.4318112601
 299.0361356047
 302.0655192861
 306.0644016505
 309.9363253658
 313.9211953494
 316.3754946607
 319.5122811939
 321.063546453
 320.928796473
 322.4786757217
 334.1746530608
 344.7757268284
 372.7363435281
 422.4185586626
 475.8682857345
 543.0123565296
 626.0243389463
 726.2969905349
 282.3197929135
 282.7451669
 283.6791637566
 285.14364212
 289.6665965579
 292.0200824775
 293.928811148
 296.5434264705
 299.1842330062
 302.1953630168
 306.1285474959
 310.063661725
 314.3132018829
 316.8218137194
 319.5677349049
 319.9595486742
 320.1320892235
 323.750526526
 334.8903208247
 344.8844466827
 372.0803599978
 422.3914133161
 475.7396559674
 541.6516789209
 624.3018439199
 727.917222473
 282.6255159867
 282.9697511835
 283.711636703
 284.8298376411
 289.1040790481
 291.6727998475
 293.9120314276
 296.73103859
 299.3691255782
 302.3830250222
 306.2583374205
 310.29619193
 314.6945789406
 317.3516704063
 319.4155814439
 319.1135989277
 319.1077641193
 326.5317682781
 334.1762619279
 344.9815499983
 371.3129708925
 422.1950912461
 476.0042022505
 540.4658155159
 621.5544032839
 729.1834395591
 282.7200815613
 283.0370607684
 283.7105463201
 284.6033548044
 288.6755545018
 291.4315846168
 293.9900011335
 296.927202323
 299.4631470902
 302.410981376
 306.3093899304
 310.5237807185
 314.8660245214
 317.6388374136
 319.4135681879
 319.2005563666
 319.0068919149
 328.1449387764
 333.3987197174
 344.6102970827
 370.7987970904
 421.7050804914
 475.8913316465
 539.5839180272
 619.674653241
 728.0214114559
 282.7417206325
 283.0729296915
 283.7900776538
 284.6958579891
 288.6736159025
 291.5005298215
 294.2823520312
 297.2246527855
 299.5612886825
 302.2768051886
 306.2464859968
 310.5791971921
 314.779890204
 317.6145450861
 319.4920706566
 319.8934120623
 320.0722035313
 328.2064064678
 333.1893878358
 343.7272331048
 370.5904895778
 421.1305357033
 475.1813624841
 538.4949659325
 620.3943330865
 725.0807838951
 -9999.
 -9999.
 -9999.
 -9999.
 -9999.
 -9999.
 -9999.
 -9999.
 -9999.
 -9999.
 -9999.
 -9999.
 -9999.
 -9999.
 -9999.
 -9999.
 -9999.
 -9999.
 -9999.
 -9999.
 -9999.
 -9999.
 -9999.
 -9999.
 -9999.
 -9999.
 -9999.
 -9999.
 -9999.
 -9999.
 -9999.
 -9999.
 -9999.
 -9999.
 -9999.
 -9999.
 -9999.
 -9999.
 -9999.
 -9999.
 -9999.
 -9999.
 -9999.
 -9999.
 -9999.
 -9999.
 -9999.
 -9999.
 -9999.
 -9999.
 -9999.
 -9999.
 -9999.
 -9999.
 -9999.
 -9999.
 -9999.
 -9999.
 -9999.
 -9999.
 -9999.
 -9999.
 -9999.
 -9999.
 -9999.
 -9999.
 -9999.
 -9999.
 -9999.
 -9999.
 -9999.
 -9999.
 -9999.
 -9999.
 -9999.
 -9999.
 -9999.
 -9999.
 -9999.
 -9999.
 -9999.
 -9999.
 -9999.
 -9999.
 -9999.
 -9999.
 -9999.
 -9999.
 -9999.
 -9999.
 -9999.
 -9999.
 -9999.
 -9999.
 -9999.
 -9999.
 -9999.
 -9999.
 -9999.
 -9999.
 -9999.
 -9999.
 -9999.
 -9999.
 -9999.
 -9999.
 -9999.
 -9999.
 -9999.
 -9999.
 -9999.
 -9999.
 -9999.
 -9999.
 -9999.
 -9999.
 -9999.
 -9999.
 -9999.
 -9999.
 -9999.
 -9999.
 -9999.
 -9999.
 -9999.
 -9999.
 -9999.
 -9999.
 -9999.
 -9999.
