 -9999.
 -9999.
 -9999.
 -9999.
 -9999.
 -9999.
 -9999.
 -9999.
 -9999.
 -9999.
 -9999.
 -9999.
 -9999.
 -9999.
 -9999.
 -9999.
 -9999.
 -9999.
 -9999.
 -9999.
 -9999.
 -9999.
 -9999.
 -9999.
 -9999.
 -9999.
 -9999.
 -9999.
 -9999.
 -9999.
 -9999.
 -9999.
 -9999.
 -9999.
 -9999.
 -9999.
 -9999.
 -9999.
 -9999.
 -9999.
 -9999.
 -9999.
 -9999.
 -9999.
 -9999.
 -9999.
 -9999.
 -9999.
 -9999.
 -9999.
 -9999.
 -9999.
 -9999.
 -9999.
 -9999.
 -9999.
 -9999.
 -9999.
 -9999.
 -9999.
 -9999.
 -9999.
 -9999.
 -9999.
 -9999.
 -9999.
 -9999.
 -9999.
 -9999.
 -9999.
 -9999.
 -9999.
 -9999.
 -9999.
 -9999.
 -9999.
 -9999.
 -9999.
 -9999.
 -9999.
 -9999.
 -9999.
 -9999.
 -9999.
 -9999.
 -9999.
 -9999.
 -9999.
 -9999.
 -9999.
 -9999.
 -9999.
 -9999.
 -9999.
 -9999.
 -9999.
 -9999.
 -9999.
 -9999.
 -9999.
 -9999.
 -9999.
 -9999.
 -9999.
 282.7284283921
 282.3167823238
 282.2467364572
 282.1721353951
 285.7023647491
 295.7180921611
 302.6920055607
 306.8246959528
 309.4941414708
 310.6447510598
 312.2404188347
 314.9471214655
 317.3209203922
 317.7552802856
 320.6558984714
 322.9198136284
 326.1538508658
 331.1268178094
 343.7455411207
 362.1070051011
 388.7929878903
 434.4477554557
 486.3220703869
 553.8574313822
 639.6742853157
 731.0131138461
 282.973022939
 282.9243016171
 282.861826218
 282.8209874221
 284.6071572616
 292.6293941278
 303.2690133862
 307.5617657467
 309.6746863404
 311.0064658416
 312.2310215921
 314.2811657804
 316.9140795248
 317.1962028705
 320.1206811816
 322.8500853217
 326.6264114099
 331.8336736681
 344.9215376247
 363.4763410313
 390.0570560831
 436.8102797874
 489.09680201
 556.1858152517
 641.0898304913
 734.05008174
 283.9078649225
 283.742824982
 283.7470239864
 283.7207727962
 283.7651827166
 288.5053053873
 301.9643360385
 307.9304201411
 309.5165483326
 311.0074135253
 312.11079462
 313.9100047811
 316.2196669582
 316.4996120035
 319.3803189596
 322.0021792188
 326.3974965423
 332.3541483004
 345.6035707435
 363.1795698573
 390.1137334125
 437.7702824548
 490.5796439829
 556.9075196713
 641.5805401435
 734.8495518998
 283.6025065997
 283.4343399659
 283.4412315222
 283.4185409514
 283.3483783181
 286.643910787
 300.1378660756
 307.4926916676
 308.8216256638
 310.6466207778
 311.7218900951
 313.3765490882
 315.5827249166
 315.9152068928
 319.191116171
 321.1162873191
 325.349984654
 332.3247211011
 345.6143110006
 361.9700223986
 390.1999110643
 438.4263905116
 490.4397046477
 557.5151794604
 642.3823578829
 731.6360250227
 283.6205099445
 283.4320139668
 283.4393526016
 283.4079741184
 283.3840206978
 285.7135983165
 299.3168380114
 306.5457135527
 307.8693877681
 310.0701130793
 311.1426703375
 312.3411085104
 314.8203722566
 315.852692091
 319.8175920799
 320.9678253746
 324.1433532031
 331.3017825955
 345.0169173526
 361.2649566076
 391.5626582985
 439.0496995505
 488.4442895258
 560.3138044206
 642.5839618
 725.3391588115
 282.8548197601
 282.6705039229
 282.67834307
 282.6481199283
 282.633068974
 283.4763389296
 296.0105520592
 304.4787606628
 306.2458232499
 308.8615984301
 310.1103125231
 311.1990060123
 313.5870993284
 315.3959722938
 319.6885990884
 321.2158298985
 323.2116202862
 328.7274006375
 342.9400190335
 360.8037443279
 392.1925888255
 436.4030773507
 484.8485838614
 562.2909621665
 637.9697111516
 720.2107522833
 281.7191024794
 281.5486080013
 281.5538044629
 281.5002330119
 281.4609988415
 281.5055322019
 290.2500117345
 301.2047676653
 304.0099569419
 307.2739068773
 308.6994436656
 310.1858005804
 312.5109889589
 314.4640938246
 318.5449278558
 320.8312127811
 322.8636829306
 326.6048641026
 340.1357488441
 359.9130592337
 391.1965496597
 431.5589268724
 482.4134100784
 561.0113371667
 631.1891512364
 719.4123395315
 281.3958801063
 281.2312095369
 281.241515852
 281.1833336137
 281.1414612565
 280.9140307034
 285.8593254831
 297.5729885126
 301.9745747304
 306.131862788
 307.828954544
 309.5460636576
 312.0010407179
 313.8944767759
 317.8929743545
 320.3423539085
 322.6150017349
 326.1007882833
 338.549875455
 359.2521435118
 389.9302751922
 429.2891199167
 483.4694034206
 557.5387682596
 628.100030886
 722.8922727893
 281.243909579
 281.1203869671
 281.132305634
 281.1085666998
 281.1025885204
 280.8258250397
 283.0657135471
 293.9503997078
 300.2634658733
 305.0229453908
 307.1941637677
 308.8108629658
 311.6481189669
 314.09242742
 317.8115014975
 319.89471428
 322.1937454825
 326.153995047
 337.8460048915
 358.6248357678
 388.6040804764
 429.8266633364
 485.476430486
 553.1625389666
 628.162899634
 727.5402103581
 280.8167521368
 280.6950992937
 280.7040337789
 280.6880493511
 280.6808528412
 280.5833259454
 281.3953825742
 289.7429421813
 297.8441668959
 303.0161339917
 305.9236561399
 307.3209008329
 310.4750773908
 314.299211344
 317.7176201036
 319.2786128671
 321.7220475506
 325.3022467191
 336.7785564814
 357.0990376752
 386.9214415923
 430.1207995406
 484.6331681289
 549.5399227704
 627.1573276943
 729.2337163004
 279.9979669838
 279.8357131732
 279.8400757711
 279.8136725866
 279.8634289179
 280.0574351849
 281.0878420759
 285.8198004266
 293.9667674575
 299.7163393125
 303.7072662518
 305.4780336091
 308.4651620826
 313.8038359849
 317.5404891318
 318.709970424
 321.5359731981
 323.6567764537
 335.2355977359
 355.0034632313
 385.1171716578
 428.950290789
 481.7694376223
 547.1585827447
 623.8289516743
 727.4956702269
 278.0447269676
 277.9191624239
 277.922478335
 277.8732497608
 278.7496834635
 280.2286163898
 281.0807477446
 283.6369684056
 289.7288750215
 295.7215647162
 300.5761714718
 303.6188127916
 306.558717711
 312.5296420995
 317.100875431
 318.3131415052
 321.4695872531
 322.658839435
 333.7731396799
 353.3159769558
 383.3155126388
 427.8911636325
 479.2092661541
 544.9266246435
 620.8828682717
 724.7037049539
 275.555530164
 275.508154147
 275.4606342752
 275.6079763639
 277.8855317149
 280.3398258199
 281.3658860047
 283.1481529377
 287.1393142926
 292.5776989927
 297.4238115803
 301.4460458376
 305.0245819329
 310.7540301696
 316.0716975267
 317.8114098076
 321.4989313612
 323.5137292042
 332.7990297761
 352.4922697659
 382.2098949877
 428.7918778432
 477.1605405994
 542.7629543107
 621.1468570464
 722.5610700371
 275.1519700273
 275.0273790238
 275.0308772553
 274.9893678685
 277.1232429868
 280.5885094716
 281.6761049792
 283.2694501408
 286.3904080877
 290.9675985972
 295.0522094221
 298.9186538798
 303.0740481683
 308.6836861019
 314.4848463268
 316.7797638314
 321.5711436319
 325.5944692517
 332.884836653
 352.3963438977
 382.3009120569
 431.0878698538
 475.0468115095
 541.5370744778
 624.0714637457
 721.0847536516
 273.5173220766
 273.5135286059
 273.5167952219
 273.8846320649
 276.3943171797
 280.8816793071
 281.9853972867
 283.4703476751
 286.3855935035
 290.3299698167
 293.5241359068
 296.2884866127
 300.1574105984
 306.3206733816
 312.8655898186
 315.261532831
 321.2295932492
 327.1967209516
 334.2534049573
 353.0329162804
 382.9534314703
 432.7897642296
 473.3729852777
 541.2969881494
 626.6063892154
 719.8052601197
 273.9837107875
 273.8625020284
 273.8576144587
 273.8373559292
 275.9011604707
 281.2642846302
 282.2664681992
 283.6231185095
 286.3259771205
 289.9441586103
 292.7766497729
 294.2915007124
 296.8156725878
 303.2822262558
 311.1797359645
 313.9209412152
 320.4961863187
 327.7348002518
 336.2606410664
 354.5896718337
 383.5642345499
 432.932479332
 473.2974124281
 541.9781750714
 626.8069875372
 718.3524530444
 274.4459258355
 274.3508879225
 274.2577159443
 274.3713309644
 275.4873390036
 281.6546952293
 282.6483993589
 283.8206560484
 286.234633177
 289.6963022174
 292.7403466932
 293.7063681797
 294.6063527238
 299.8468476492
 308.7998664691
 312.985463241
 319.7359031001
 327.8617177346
 338.3288820533
 356.8736022008
 384.3043644063
 431.9995844037
 474.770985415
 543.7074667225
 625.6279048106
 717.1015017505
 275.1988617167
 275.0629354998
 274.9836897525
 275.0580661017
 275.798153747
 282.3709693774
 283.1594532083
 284.1053513879
 286.1682874279
 289.5444078212
 293.1203544159
 294.5821958929
 294.6633999409
 297.578870192
 305.7845723519
 311.0589891689
 318.9876408068
 327.9830780106
 340.4417390654
 359.2484415847
 385.3983199993
 430.9737872715
 476.561880133
 545.6131759272
 625.9810105547
 717.8136445306
 275.9244636073
 275.8405189041
 275.7474135839
 275.8157078632
 276.3040796425
 283.1786915109
 283.7176197469
 284.4814809072
 286.1193987582
 289.3276169851
 293.5267600814
 296.1574536021
 296.6182829086
 298.2083610984
 303.1916369536
 306.8581606685
 317.2236163143
 328.2243373811
 342.4227173138
 360.914852807
 386.5703973075
 430.2861989719
 477.2170670459
 546.0631556862
 629.7226163461
 721.5796350144
 276.3971549175
 276.296049689
 276.185278321
 276.1862123122
 276.337252136
 283.4840257423
 284.2176400292
 285.1000237988
 286.5285916184
 289.4276957319
 293.9269081558
 297.4080762836
 298.4391561744
 299.2363330351
 302.8791057041
 303.7185087243
 312.873466973
 328.4832750564
 343.5343930806
 361.5413910374
 387.5784920608
 429.8961769101
 476.1001690396
 545.1110844696
 634.9332327904
 727.0695188201
 276.0442921781
 275.9452467576
 275.9414262529
 275.9495909495
 275.9613162747
 282.6736358818
 284.5649726494
 285.9727729536
 287.6844979007
 290.1784661397
 294.2342301099
 297.7345601363
 299.2505448788
 299.990831821
 302.8552984196
 302.9435433903
 309.194092436
 328.1775533738
 343.7240360697
 361.42166107
 388.3892111709
 430.0768489696
 474.4264876328
 544.4024330462
 638.8102994455
 731.89274234
 275.2263988953
 275.150044859
 275.088628331
 275.1082775902
 275.5210659404
 281.1464686371
 284.426927796
 286.6549909401
 289.098385009
 291.2974252816
 294.3573343489
 297.3324783998
 299.8289643482
 301.1019496276
 302.9695639587
 303.1427060045
 307.3986177549
 327.8487539384
 344.1376932519
 360.9739931999
 388.8611964651
 431.0773073116
 474.1610225845
 544.6389157556
 640.5419132721
 734.9205724014
 274.2031745575
 274.3417798472
 274.601733999
 275.2876129766
 274.9051586117
 279.804350296
 284.0003420157
 287.0407898118
 290.391958382
 292.8594113605
 295.4097615735
 297.9038086198
 300.3749590182
 302.1589359724
 303.1512573495
 303.2601709382
 307.5873087211
 328.4330399578
 345.1215766012
 360.9752379231
 388.9117978611
 432.4916724131
 476.2033439955
 545.1053507789
 641.3536029112
 737.3097646867
 274.6736541914
 274.6019053855
 274.6360508445
 274.8361592012
 275.1783029445
 279.7511629233
 284.6766548346
 288.368807213
 291.6745414164
 294.0497286047
 296.6135864959
 298.4894396625
 300.6452085728
 302.3322318964
 303.1830426502
 303.8418059684
 309.9324118093
 329.7120324825
 345.7749313641
 361.8174160228
 388.8471814606
 433.7330942737
 479.9342722166
 544.6471564642
 642.5345352191
 742.3113574788
 274.9114216043
 274.9617640328
 274.9844725147
 275.2747931317
 276.8820851902
 282.3424501252
 286.8477803375
 290.1601437758
 292.5393129739
 294.2623794055
 296.4216838536
 297.9743150913
 300.1524121198
 301.6716740116
 303.8397353763
 305.9790542723
 313.4749802378
 330.8280143923
 345.7392377622
 362.5286927526
 389.0501033401
 434.3382715327
 483.6725796911
 544.7962263596
 642.5470774635
 746.8508156977
 276.7599627015
 276.7614511503
 276.8534779732
 277.0362096134
 281.3592040431
 286.2256996506
 289.4187260318
 291.5019092279
 292.8174912624
 293.9459232533
 294.9797013132
 297.5034057985
 300.2139218013
 301.8212459056
 305.8734486033
 308.7469883098
 316.5529363527
 331.0609204809
 345.1072119542
 362.2674542931
 389.5607507855
 434.6521173629
 485.3736321348
 549.1048959825
 640.1375402487
 743.8187359873
 279.5152003059
 279.4680213274
 279.4936348872
 279.735744232
 285.9062745256
 289.5035291842
 291.3955214159
 292.5416676531
 293.35656672
 293.7675946588
 296.3312350662
 298.9468477099
 301.4908568522
 303.5964161088
 308.0612980829
 310.8253599665
 318.3020057528
 330.5115318357
 343.6243152443
 361.1443524886
 390.1475804457
 435.0367736041
 484.493339977
 555.9526559408
 636.4437334182
 735.2929607762
 282.8137502443
 282.7700665714
 282.797445552
 283.4868538738
 289.0547863068
 291.2619846952
 292.3764992122
 293.3403526853
 294.3943861585
 295.8140843339
 298.6747803169
 300.6747248361
 302.8178492988
 305.6668468336
 309.7780267797
 312.2411911273
 319.406955729
 329.5026586824
 341.710059496
 359.5838468635
 390.2846933375
 435.5149415008
 484.619596609
 559.9180506076
 633.3769329008
 729.1875782308
 286.1619830438
 286.041577678
 286.3320785143
 287.017143745
 290.9965182462
 292.6532655063
 293.7086523598
 295.2692102362
 296.868143546
 298.5533378107
 300.8968364331
 302.6431880244
 305.2358900693
 306.5810060819
 311.7577223592
 314.2271551028
 320.4726225604
 327.9600539963
 339.1488891395
 357.4255533573
 390.736163374
 436.7983243372
 487.2728197711
 559.9417933231
 635.2322100024
 728.8582258969
 289.6502393755
 289.4973853089
 289.7758831016
 290.0621843507
 292.0932706058
 293.6138635577
 295.217237692
 297.4591231584
 299.0653410769
 300.5915210348
 302.3892049834
 306.037750783
 308.8725962651
 309.5664864295
 312.3929909321
 315.7378341995
 321.0106295087
 326.4516797974
 336.6423364639
 355.8196743698
 391.4405701419
 438.4097312227
 490.8840680335
 557.9869981451
 640.1762225072
 735.785017747
 290.9976488476
 290.9852639555
 291.0423667682
 291.5992336023
 292.5576068411
 293.7189915219
 295.8020623327
 298.5274013833
 300.3908539898
 302.1194539841
 304.3287272383
 308.3118740863
 311.234528356
 312.4613033631
 314.165886863
 316.2119660695
 320.2180363661
 325.1531780819
 334.2396206151
 353.7224912571
 390.7283781367
 440.1118776221
 492.0752583033
 554.9972136368
 641.5407411613
 746.2312304633
 290.6441568099
 290.675275051
 290.8323568665
 291.5251308455
 292.5839224173
 293.4413468263
 295.5989430453
 298.3860031964
 300.7286755152
 302.6677987131
 305.5342325658
 308.420199533
 311.8165393551
 314.125272796
 315.5373579742
 316.80964878
 318.8356744958
 324.2029127531
 332.9876937444
 351.2129208583
 386.9749523503
 439.5935969151
 489.7400979402
 553.3545424698
 638.1591657889
 748.1190980004
 290.0747872296
 290.086511261
 290.2262874582
 291.0644880673
 292.4395311109
 294.1566157287
 296.6619616613
 298.5988208717
 300.1382053032
 302.2690375647
 305.8273505791
 308.6556322204
 311.883913466
 313.6379475342
 315.933426117
 317.2123178527
 318.5245965538
 324.3374176576
 332.3133456224
 348.2025012159
 382.1745516968
 437.6695897014
 486.3524454406
 553.0898250508
 635.4478592617
 739.5371113439
 289.8530725663
 289.8228642156
 289.8594942038
 290.7125887648
 292.4307538484
 294.9829132635
 296.7336271911
 298.2483785103
 299.8454026596
 302.237959553
 305.6336097006
 308.40057232
 311.1406312037
 312.4544636646
 316.6545452689
 317.9499750777
 319.2648029057
 324.8813170547
 331.5340051032
 345.8152956471
 379.1558841028
 435.050720974
 483.5298839722
 553.1540680708
 636.1649368636
 729.0247285367
 289.6605717593
 289.6084917905
 289.6112682767
 290.4080435987
 292.3213275063
 295.3465045172
 296.6162761056
 298.0160589483
 299.8422642463
 302.4321672405
 305.6159373738
 308.7070233586
 310.8736739974
 311.6281457928
 317.4574359982
 318.7770823886
 320.2591421522
 324.5647444661
 329.7969280918
 344.5839018337
 379.0206977188
 431.4907414082
 481.1407994415
 553.1128757381
 638.0894259656
 723.0478279663
 288.6743571766
 288.6645700962
 288.7312801016
 289.655468444
 292.1017421203
 295.2398547811
 296.3760239512
 297.3583764224
 298.9876210538
 301.3915086401
 304.6612710728
 307.9624848837
 310.1150062075
 311.3598387436
 317.9356417234
 319.0212454587
 321.3912791251
 324.9655441906
 328.6694578177
 344.3606579282
 379.6770720212
 427.0467866803
 479.5822566079
 552.6197436587
 638.2073799246
 722.7725494037
 287.16779135
 287.1877235091
 287.4191230182
 288.5912007359
 292.0102483356
 294.7460732272
 295.9440608669
 296.8366268094
 298.2661068603
 300.4159009551
 304.3581852896
 307.7785930361
 309.9590799737
 311.0441248669
 317.1840869352
 320.210958748
 322.2577108029
 325.2016476311
 328.1232683103
 344.2901236226
 379.5386973441
 423.6143708953
 479.3549133998
 551.4212269102
 637.002061967
 727.4274638656
 284.1932727643
 284.7597783153
 285.7803096887
 287.9200711375
 291.7460885466
 294.3824861092
 295.7296170096
 296.9064262178
 298.4000510197
 300.5537052476
 304.1651616921
 307.834933079
 310.7280744481
 311.3890064997
 315.8624677316
 321.2098476062
 323.5272821568
 325.0555087171
 327.9502190742
 343.7571609496
 378.4028095261
 422.1910144763
 479.6982507935
 549.7348619916
 634.747855423
 733.4269767749
 283.3132162452
 283.8928615298
 285.1440450423
 287.2571067182
 291.1344293231
 294.1564263735
 295.9579911033
 297.4828415301
 299.1644393126
 301.2370930114
 304.2796557534
 307.9803045734
 311.5910235397
 312.1350355652
 315.5976957578
 319.8397804493
 324.0894256687
 324.9290322218
 328.9504914203
 343.3777523184
 376.9520945497
 422.4462097825
 480.2094775586
 548.6618025592
 631.5674411422
 738.2872748698
 282.8929513476
 283.2579460186
 284.3928122785
 286.5270676668
 290.7307899001
 293.9172259653
 296.0605534674
 297.6137633374
 299.129609956
 301.0816856811
 304.1544251958
 307.6673178745
 311.803079129
 312.7697707485
 316.8148243884
 318.8910088833
 324.0476952402
 324.2942406848
 330.230591524
 343.3613799563
 375.3309734244
 423.3950356405
 480.1932751218
 547.7505158569
 628.3156014796
 740.6448897165
 281.6785646016
 283.0089174204
 284.6501482874
 285.9998285704
 290.6257577844
 293.7284285896
 295.8813875472
 297.4739854195
 298.9244376916
 300.9022116397
 304.2807055841
 307.9935046724
 312.307504989
 313.4291052263
 317.629062032
 318.6146864073
 324.1277618396
 323.8741878426
 330.9833721209
 343.5620084936
 373.6612151232
 424.2033122516
 480.3131166915
 547.2071951932
 626.5572162321
 738.223405456
 281.210060112
 282.6508408728
 284.4563385119
 285.7646618893
 290.6697162964
 293.5630689896
 295.4879233217
 297.1592597
 298.7860105585
 300.9376404532
 304.5014569782
 308.5339022834
 312.7973045179
 314.0222102311
 318.4736769274
 318.3529458063
 324.1707302209
 323.5906617627
 331.2022120761
 343.4564024
 372.6958235643
 424.9388970079
 480.6996347413
 546.5066424916
 627.0518394453
 731.0232327589
 281.094375379
 282.18010275
 284.0656513041
 285.7299239101
 290.7956331571
 293.4814633958
 295.1378773294
 296.8790050396
 298.7954122827
 301.2809834634
 305.0488116958
 309.1329420469
 313.181431093
 314.6608810092
 318.8529030819
 318.0714263128
 323.8274182884
 323.995624216
 330.9132018978
 343.5969161281
 372.5187924247
 424.8498520971
 480.5848036467
 545.549006774
 628.7546635191
 724.4141349582
 281.0388811424
 282.1217501742
 283.6482460615
 285.7436720694
 290.7995385442
 293.3123487609
 294.7927204654
 296.6321540236
 298.8409881422
 301.6403727106
 305.5254245912
 309.4809005312
 313.3455797441
 315.2510996528
 319.2215711008
 318.4471973235
 322.3024738243
 325.6480676634
 330.1500580771
 343.9774594402
 372.7505750057
 424.0785136102
 479.6635551507
 544.7317549055
 629.1189363416
 723.054513767
 280.9958725773
 282.0425255603
 283.5821981969
 285.6901924239
 290.7831404197
 293.0884263645
 294.5205854988
 296.5272489976
 298.9810488089
 302.0088403587
 305.9795783262
 309.809411712
 313.5456166909
 315.9501297769
 319.2907514929
 319.4915796756
 320.4628177917
 326.0120882239
 330.6045850706
 344.6137160869
 372.9403538253
 423.1653416621
 478.1824140397
 544.3723663158
 628.0208964403
 724.8238887722
 281.0650687895
 281.9528605334
 283.4405922859
 285.4599160399
 290.5895096123
 292.7615742491
 294.2612328465
 296.4565008785
 299.0206852686
 302.0886967262
 306.0845214189
 309.870119705
 313.6206516076
 316.0401189594
 319.4387494224
 320.9997769744
 320.9461411231
 323.7122799874
 332.2872988142
 344.8458279203
 372.9773039963
 422.5982091867
 476.7405723347
 543.9578448144
 626.8864002931
 725.7556631466
 281.7109438509
 282.313280386
 283.5706308356
 285.3671519947
 290.1815223043
 292.3826675917
 294.0387327836
 296.4318112601
 299.0361356047
 302.0655192861
 306.0644016505
 309.9363253658
 313.9211953494
 316.3754946607
 319.5122811939
 321.063546453
 320.928796473
 322.4786757217
 334.1746530608
 344.7757268284
 372.7363435281
 422.4185586626
 475.8682857345
 543.0123565296
 626.0243389463
 726.2969905349
 282.3197929135
 282.7451669
 283.6791637566
 285.14364212
 289.6665965579
 292.0200824775
 293.928811148
 296.5434264705
 299.1842330062
 302.1953630168
 306.1285474959
 310.063661725
 314.3132018829
 316.8218137194
 319.5677349049
 319.9595486742
 320.1320892235
 323.750526526
 334.8903208247
 344.8844466827
 372.0803599978
 422.3914133161
 475.7396559674
 541.6516789209
 624.3018439199
 727.917222473
 282.6255159867
 282.9697511835
 283.711636703
 284.8298376411
 289.1040790481
 291.6727998475
 293.9120314276
 296.73103859
 299.3691255782
 302.3830250222
 306.2583374205
 310.29619193
 314.6945789406
 317.3516704063
 319.4155814439
 319.1135989277
 319.1077641193
 326.5317682781
 334.1762619279
 344.9815499983
 371.3129708925
 422.1950912461
 476.0042022505
 540.4658155159
 621.5544032839
 729.1834395591
 282.7200815613
 283.0370607684
 283.7105463201
 284.6033548044
 288.6755545018
 291.4315846168
 293.9900011335
 296.927202323
 299.4631470902
 302.410981376
 306.3093899304
 310.5237807185
 314.8660245214
 317.6388374136
 319.4135681879
 319.2005563666
 319.0068919149
 328.1449387764
 333.3987197174
 344.6102970827
 370.7987970904
 421.7050804914
 475.8913316465
 539.5839180272
 619.674653241
 728.0214114559
 282.7417206325
 283.0729296915
 283.7900776538
 284.6958579891
 288.6736159025
 291.5005298215
 294.2823520312
 297.2246527855
 299.5612886825
 302.2768051886
 306.2464859968
 310.5791971921
 314.779890204
 317.6145450861
 319.4920706566
 319.8934120623
 320.0722035313
 328.2064064678
 333.1893878358
 343.7272331048
 370.5904895778
 421.1305357033
 475.1813624841
 538.4949659325
 620.3943330865
 725.0807838951
 -9999.
 -9999.
 -9999.
 -9999.
 -9999.
 -9999.
 -9999.
 -9999.
 -9999.
 -9999.
 -9999.
 -9999.
 -9999.
 -9999.
 -9999.
 -9999.
 -9999.
 -9999.
 -9999.
 -9999.
 -9999.
 -9999.
 -9999.
 -9999.
 -9999.
 -9999.
 -9999.
 -9999.
 -9999.
 -9999.
 -9999.
 -9999.
 -9999.
 -9999.
 -9999.
 -9999.
 -9999.
 -9999.
 -9999.
 -9999.
 -9999.
 -9999.
 -9999.
 -9999.
 -9999.
 -9999.
 -9999.
 -9999.
 -9999.
 -9999.
 -9999.
 -9999.
 -9999.
 -9999.
 -9999.
 -9999.
 -9999.
 -9999.
 -9999.
 -9999.
 -9999.
 -9999.
 -9999.
 -9999.
 -9999.
 -9999.
 -9999.
 -9999.
 -9999.
 -9999.
 -9999.
 -9999.
 -9999.
 -9999.
 -9999.
 -9999.
 -9999.
 -9999.
 -9999.
 -9999.
 -9999.
 -9999.
 -9999.
 -9999.
 -9999.
 -9999.
 -9999.
 -9999.
 -9999.
 -9999.
 -9999.
 -9999.
 -9999.
 -9999.
 -9999.
 -9999.
 -9999.
 -9999.
 -9999.
 -9999.
 -9999.
 -9999.
 -9999.
 -9999.
 -9999.
 -9999.
 -9999.
 -9999.
 -9999.
 -9999.
 -9999.
 -9999.
 -9999.
 -9999.
 -9999.
 -9999.
 -9999.
 -9999.
 -9999.
 -9999.
 -9999.
 -9999.
 -9999.
 -9999.
 -9999.
 -9999.
 -9999.
 -9999.
 -9999.
 -9999.
