 5.5  4.3  3.7  3.2  3.3  3.8  4.9  5.7  6.8  7.7  8.2  8.1  7.8  7.0  6.3
11.3 12.0 13.0 14.0 15.0 16.0 17.0 17.3 17.0 16.0 15.0 14.0 13.0 12.0 11.5
 5.5  4.6
11.3  7.2
 1.3  0.8  0.5  1.0  2.0  2.7  2.8  3.8
 8.9  8.8  8.2  7.9  7.8  7.9  7.3  7.6
 3.8  4.0  4.3  4.6  4.8
 7.2  7.5  7.2  7.2  7.5
 5.0  8.0
 3.4  2.0  1.5  1.0  0.8  0.7  1.0  1.6  2.0  3.0  3.3  3.5  4.3  4.4
 3.8  3.8  4.0  4.6  4.6  5.0  5.5  6.0  6.2  6.6  6.5  5.9  5.8  5.9
 5.0  5.1  5.3  5.2  5.2  5.8  6.0  5.8  5.9  5.9  6.0  6.4  6.7  7.0
 7.2  7.6  8.0  8.0  8.2  8.4  8.4  8.2  8.2  7.7  7.4  7.1  7.5  7.8
 6.1  5.8
 7.2  6.0
 5.8  5.6  5.5  5.3  5.1  5.1  5.3  5.6  6.2  6.0  5.9
 6.0  5.8  5.0  4.4  4.1  3.9  3.3  3.2  3.7  4.2  5.0
 6.2  6.5  6.7  6.7  6.6  6.0  5.3  5.1  5.0  4.6  4.2  4.3  4.6  4.9
 5.0  5.4
 3.7  3.0  3.1  2.9  2.8  2.1  2.0  1.9  1.5  1.4  1.5  2.0  2.2  2.6
 2.9  3.0
 4.9  3.0  2.2  2.4  3.0  3.6  3.8  4.0
 2.6  2.2  2.4  2.7  2.7  2.9  3.6  3.8
 4.4  4.0  3.8
 3.3  3.8  4.2
 4.5  4.2  4.0  3.7  3.3  2.3  2.2  2.3  2.8  3.1  3.4  4.0  4.3  4.5  
 4.5  4.2  4.1  4.2  4.0  4.0  4.2  4.6  4.7  4.9  5.0  5.0  5.7  5.9
